nf	ni	stddev	nstars	line1	line2	ele1	ele2	c0	c1	c2	c3  teffa teffb rata ratb meanr nfit
     0     2   118   421   6142.49   6154.23   SiI   NaI    4559.25    1199.75       0.00       0.00  4556  6260  0.08  1.43  0.75  1
     1     6   100   422   6160.75   6142.49   NaI   SiI    6654.30   -5475.45    5555.65   -2018.73  4578  6374  1.19 14.73  2.55  6
     2     7   100   418   6145.02   6160.75   SiI   NaI    4379.30    1912.25       0.00       0.00  4578  6260  0.08  0.95  0.57  1
     3     9   115   413   4730.04   4675.11   MgI   TiI    3879.30    1038.35       0.00       0.00  4556  6276  0.68  2.30  1.51  1
     4    10   105   423   4730.04   4722.61   MgI   TiI    4718.21    1765.87       0.00       0.00  4556  6276  0.84  6.87  2.93  5
     5    20    98   426   6319.24   6251.83   MgI    VI    5420.43    1242.69       0.00       0.00  4578  6276  0.17  5.47  1.38  5
     6    21   107   407   6319.24   6274.66   MgI    VI    5183.00    1090.71       0.00       0.00  4556  6276  0.24 11.52  2.26  5
     7    22   105   424   6319.24   6285.17   MgI    VI    5255.01    1172.57       0.00       0.00  4556  6276  0.22  6.97  1.90  5
     8    29   104   420   6318.72   6251.83   MgI    VI    5253.08    1166.83       0.00       0.00  4556  6227  0.25  6.72  1.94  5
     9    30   112   410   6318.72   6274.66   MgI    VI    5047.59    1028.81       0.00       0.00  4556  6287  0.24 17.33  3.26  5
    10    31   109   422   6318.72   6285.17   MgI    VI    5107.95    1092.48       0.00       0.00  4556  6276  0.32 12.48  2.76  5
    11    34    89   428   5517.54   5520.50   SiI   ScI    5324.60    1475.32     731.08     144.52  4556  6287  0.24  2.86  1.33  6
    12    36    86   428   5517.54   5490.16   SiI   TiI    4410.40    3828.14   -3572.31    1562.85  4671  6374  0.09  1.11  0.46  2
    13    38    70   433   5621.60   5671.82   SiI   ScI    6278.18    3278.27    3338.57    1810.20  4578  6403  0.11  1.02  0.48  6
    14    42    59   421   5621.60   5670.85   SiI    VI    6173.80    1404.35       0.00       0.00  4649  6361  0.06  1.25  0.39  5
    15    45    82   431   5645.61   5671.82   SiI   ScI    5246.99    1166.04     622.41      89.15  4556  6271  0.10  3.73  1.65  6
    16    49    64   421   5645.61   5670.85   SiI    VI    5438.66    1185.20     157.78     -82.56  4595  6374  0.17  4.67  1.35  6
    17    50    70   419   5645.61   5703.59   SiI    VI    5665.80    1518.84       0.00       0.00  4595  6374  0.17  2.71  0.88  5
    18    57    91   431   5684.49   5670.85   SiI    VI    5223.69    1055.16       0.00       0.00  4556  6374  0.18  8.94  2.31  5
    19    58    96   425   5684.49   5703.59   SiI    VI    5338.55    1375.26       0.00       0.00  4556  6287  0.26  4.62  1.49  5
    20    59    76   425   5684.49   5727.05   SiI    VI    5478.70    1384.06       0.00       0.00  4556  6374  0.20  3.69  1.18  5
    21    60   103   421   5684.49   5737.07   SiI    VI    5076.42     932.14       0.00       0.00  4556  6289  0.23 15.89  3.58  5
    22    62   103   430   5690.43   5671.82   SiI   ScI    5145.80    1027.24     346.24      12.99  4556  6271  0.21  5.41  2.28  6
    23    66    81   426   5690.43   5670.85   SiI    VI    5319.33    1093.38       0.00       0.00  4556  6374  0.21  7.32  1.84  5
    24    67    86   424   5690.43   5703.59   SiI    VI    5471.80    1417.70       0.00       0.00  4556  6374  0.22  4.24  1.20  5
    25    68    65   421   5690.43   5727.05   SiI    VI    5615.80    1413.04       0.00       0.00  4556  6374  0.16  2.97  0.94  5
    26    69    94   422   5690.43   5737.07   SiI    VI    5161.18     944.49       0.00       0.00  4556  6289  0.17 12.36  2.85  5
    27    70   107   418   5690.43   5748.36   SiI   NiI    5146.93    2303.10       0.00       0.00  4624  6287  0.57  3.29  1.50  5
    28    71    92   431   5701.11   5671.82   SiI   ScI    5251.47    1084.01     450.51      89.72  4556  6227  0.15  3.94  1.75  6
    29    75    76   430   5701.11   5670.85   SiI    VI    5419.93    1116.13     162.65     -68.02  4578  6374  0.13  5.14  1.44  6
    30    76    84   425   5701.11   5703.59   SiI    VI    5631.95    1419.52       0.00       0.00  4578  6374  0.17  2.98  0.93  5
    31    77    69   428   5701.11   5727.05   SiI    VI    4454.60    2207.00   -1130.12     246.49  4578  6374  0.10  2.09  0.75  2
    32    78    89   423   5701.11   5737.07   SiI    VI    5238.55     959.84     153.32    -107.23  4556  6289  0.16  8.58  2.20  6
    33    79   105   430   5701.11   5748.36   SiI   NiI    5403.32    2275.46       0.00       0.00  4556  6403  0.35  2.90  1.16  5
    34    81    63   422   5753.64   5739.48   SiI   TiI    4879.30    1216.03       0.00       0.00  4556  6361  0.39 13.16  3.78  5
    35    82    80   424   5753.64   5703.59   SiI    VI    5524.38    1544.59       0.00       0.00  4556  6361  0.22  3.04  1.09  5
    36    83    70   422   5753.64   5727.05   SiI    VI    5676.45    1511.48       0.00       0.00  4578  6403  0.16  2.88  0.88  5
    37    84    75   416   5753.64   5737.07   SiI    VI    5173.92    1009.10       0.00       0.00  4556  6374  0.20 14.34  2.56  5
    38    85   101   421   5753.64   5748.36   SiI   NiI    5183.75    2608.20       0.00       0.00  4556  6361  0.61  3.07  1.37  5
    39    88    89   424   5772.15   5703.59   SiI    VI    5433.22    1407.93       0.00       0.00  4556  6374  0.21  4.26  1.27  5
    40    89    72   416   5772.15   5727.05   SiI    VI    5574.28    1401.24       0.00       0.00  4578  6374  0.18  3.07  1.02  5
    41    90    92   421   5772.15   5737.07   SiI    VI    5128.22     959.27       0.00       0.00  4556  6289  0.21 13.56  3.03  5
    42    98   107   400   5797.87   5853.15   SiI   FeI    4814.34    1261.60       0.00       0.00  4556  6271  0.35 12.15  3.92  5
    43    99   110   421   5948.54   5965.84   SiI   TiI    4945.60    1583.29       0.00       0.00  4556  6218  0.30  7.74  2.39  5
    44   100   104   422   5948.54   5978.55   SiI   TiI    4862.71    1570.19       0.00       0.00  4578  6289  0.64  8.20  2.82  5
    45   107    64   414   6125.02   6064.63   SiI   TiI    5201.08     829.41     248.19      15.98  4578  6361  0.14 10.13  2.67  6
    46   108    87   420   6125.02   6091.18   SiI   TiI    5293.71    1165.41     686.02     232.09  4578  6361  0.15  4.63  1.57  6
    47   109    66   416   6125.02   6126.22   SiI   TiI    5521.49    1339.05     585.96     112.51  4578  6374  0.10  3.17  1.10  6
    48   110    76   422   6125.02   6081.45   SiI    VI    5355.75     985.93     349.08      75.79  4578  6374  0.11  5.50  1.68  6
    49   111    80   422   6125.02   6090.21   SiI    VI    4607.93    1559.09    -475.79      50.83  4578  6361  0.02  2.28  0.78  2
    50   112    72   416   6125.02   6111.65   SiI    VI    5319.32     820.42     224.98      55.00  4578  6361  0.09  7.90  2.13  6
    51   113    75   415   6125.02   6135.36   SiI    VI    5266.47     833.26     232.92      54.11  4578  6361  0.12  7.90  2.31  6
    52   115   116   416   6125.02   6128.98   SiI   NiI    4588.42     826.32       0.00       0.00  4556  6289  0.07  2.24  1.09  1
    53   116   118   412   6125.02   6177.25   SiI   NiI    5124.57    1620.63       0.00       0.00  4556  6374  0.43  5.32  1.96  5
    54   119    90   377   6125.02   6120.25   SiI   FeI    4929.09     779.13     267.51      11.50  4578  6161  0.39 11.66  4.36  6
    55   122    92   418   6142.49   6156.02   SiI   CaI    5015.40    1057.60     642.97    -331.58  4556  6361  0.18  7.83  2.56  6
    56   126    70   433   6142.49   6091.18   SiI   TiI    4525.39     976.53    -240.58      26.01  4556  6361  0.11  4.53  1.53  2
    57   127    47   435   6142.49   6126.22   SiI   TiI    4544.63    1430.84    -529.28      83.66  4578  6374  0.06  3.09  1.08  2
    58   128    64   423   6142.49   6081.45   SiI    VI    4633.23     953.40    -261.94      27.91  4624  6374  0.07  5.14  1.62  2
    59   129    58   424   6142.49   6090.21   SiI    VI    5736.59    1621.53     257.75    -317.09  4556  6361  0.11  2.23  0.77  6
    60   130    61   418   6142.49   6111.65   SiI    VI    5322.38     869.74     169.93     -25.57  4556  6289  0.06  7.14  2.01  6
    61   131    70   421   6142.49   6135.36   SiI    VI    4691.57     667.09    -134.45      10.03  4624  6403  0.08  7.76  2.26  2
    62   133    70   406   6142.49   6128.98   SiI   NiI    5472.56    2044.00       0.00       0.00  4595  6374  0.39  2.74  1.12  5
    63   134    94   420   6142.49   6177.25   SiI   NiI    4082.19    1227.66    -273.60      22.48  4556  6374  0.24  5.45  1.88  2
    64   135    75   415   6142.49   6082.72   SiI   FeI    5744.07    2406.21     854.69    -596.93  4556  6361  0.20  1.80  0.80  6
    65   136    68   379   6142.49   6120.25   SiI   FeI    4877.95    1077.86       0.00       0.00  4556  6136  0.44 12.30  4.17  5
    66   137   115   427   6142.49   6151.62   SiI   FeI    4380.26    1957.59       0.00       0.00  4556  6374  0.09  1.05  0.56  1
    67   140    95   423   6145.02   6156.02   SiI   CaI    4937.01    1027.40     821.27    -539.31  4556  6361  0.21 10.67  2.97  6
    68   144    68   434   6145.02   6091.18   SiI   TiI    4505.45     878.79    -194.01      18.78  4556  6361  0.14  5.08  1.77  2
    69   145    43   427   6145.02   6126.22   SiI   TiI    4529.46    1277.51    -417.88      57.68  4624  6374  0.09  3.46  1.25  2
    70   146    62   411   6145.02   6081.45   SiI    VI    5327.27    1052.45       0.00       0.00  4647  6289  0.25  6.06  1.89  5
    71   147    54   428   6145.02   6090.21   SiI    VI    4485.94    1700.53    -634.18      96.81  4578  6361  0.06  2.50  0.89  2
    72   148    63   419   6145.02   6111.65   SiI    VI    5268.15     870.33     175.95     -67.95  4578  6287  0.09  8.45  2.30  6
    73   149    66   417   6145.02   6135.36   SiI    VI    5210.56     905.77     194.65    -131.28  4578  6260  0.11  8.59  2.51  6
    74   151    73   410   6145.02   6128.98   SiI   NiI    5344.43    2075.49       0.00       0.00  4556  6276  0.37  2.75  1.26  5
    75   152   105   425   6145.02   6177.25   SiI   NiI    4054.15    1082.84    -206.69      14.21  4556  6374  0.40  6.45  2.18  2
    76   153    71   407   6082.72   6145.02   FeI   SiI    7280.50   -2380.35     824.95    -103.97  4595  6361  0.42  3.38  1.27  2
    77   154    79   385   6145.02   6120.25   SiI   FeI    4800.66    1092.35       0.00       0.00  4556  6136  0.48 13.48  4.84  5
    78   155   110   434   6145.02   6151.62   SiI   FeI    4345.18    1751.26       0.00       0.00  4578  6374  0.12  1.17  0.65  1
    79   159   100   415   6195.46   6156.02   SiI   CaI    5348.69    1412.86     374.65    -525.18  4556  6361  0.16  4.06  1.36  6
    80   164    88   423   6195.46   6126.22   SiI   TiI    4585.16    2502.80   -1573.96     437.29  4578  6361  0.04  1.71  0.55  2
    81   167    58   414   6195.46   6135.36   SiI    VI    5511.94    1018.03     293.29      69.40  4595  6361  0.07  4.28  1.18  6
    82   168    98   416   6195.46   6216.35   SiI    VI    4582.93    3452.26   -2833.56    1450.06  4578  6260  0.03  0.70  0.35  2
    83   169    54   377   6195.46   6224.51   SiI    VI    5372.76     735.23     125.22      59.96  4595  6136  0.07  7.05  1.68  6
    84   170    61   419   6195.46   6251.83   SiI    VI    5711.59    1025.96     163.18      -1.60  4595  6361  0.04  3.77  0.82  6
    85   171   114   425   6195.46   6128.98   SiI   NiI    6025.57    1928.82       0.00       0.00  4556  6374  0.09  1.58  0.58  5
    86   172    96   419   6195.46   6177.25   SiI   NiI    5573.53    1833.53       0.00       0.00  4556  6374  0.15  2.57  0.99  5
    87   184   101   427   6237.33   6258.11   SiI   TiI    4564.61     992.03       0.00       0.00  4556  6374  0.10  1.97  0.91  1
    88   185    91   423   6237.33   6261.10   SiI   TiI    4580.63     914.71       0.00       0.00  4578  6374  0.10  2.10  0.98  1
    89   186    90   414   6237.33   6216.35   SiI    VI    5364.87    1408.36     735.11      19.81  4556  6289  0.10  3.01  1.26  6
    90   187    72   369   6237.33   6224.51   SiI    VI    4994.85     624.34     109.52      -3.42  4578  6161  0.18 26.30  5.99  6
    91   188    72   412   6237.33   6251.83   SiI    VI    5188.97     865.74     177.20     -87.57  4578  6374  0.12 12.30  2.92  6
    92   189    92   406   6237.33   6274.66   SiI    VI    5052.06     754.45     169.26     -91.20  4556  6287  0.16 31.93  4.58  6
    93   190    85   415   6237.33   6285.17   SiI    VI    5089.04     811.62     191.03    -113.42  4578  6361  0.14 19.16  3.97  6
    94   196   118   421   6237.33   6240.65   SiI   FeI    4342.15    1056.95       0.00       0.00  4578  6374  0.22  2.07  1.07  1
    95   200    97   433   6243.82   6258.11   SiI   TiI    4564.66    1335.20       0.00       0.00  4556  6403  0.11  1.90  0.68  1
    96   201    77   434   6243.82   6261.10   SiI   TiI    4486.31    1488.62      13.19    -142.17  4556  6403  0.12  1.85  0.72  2
    97   202    83   423   6243.82   6216.35   SiI    VI    5596.97    1546.76     309.90    -342.97  4556  6289  0.11  2.23  0.92  6
    98   203    72   381   6243.82   6224.51   SiI    VI    5105.05     729.82       0.00       0.00  4556  6136  0.20 18.34  4.29  5
    99   204    73   425   6243.82   6251.83   SiI    VI    5346.56     890.69       0.00       0.00  4556  6276  0.13  8.48  2.07  5
   100   205    80   404   6243.82   6274.66   SiI    VI    5179.51     809.52       0.00       0.00  4556  6287  0.18 23.79  3.36  5
   101   206    81   424   6243.82   6285.17   SiI    VI    5230.92     856.44       0.00       0.00  4556  6361  0.16 13.95  2.87  5
   102   211   107   434   6243.82   6240.65   SiI   FeI    4338.27    1448.16       0.00       0.00  4556  6403  0.24  1.81  0.79  1
   103   215    99   430   6244.48   6258.11   SiI   TiI    4579.91    1340.87       0.00       0.00  4556  6403  0.04  1.72  0.67  1
   104   216    85   434   6244.48   6261.10   SiI   TiI    4590.64    1263.07       0.00       0.00  4556  6403  0.05  1.66  0.71  1
   105   217    73   423   6244.48   6216.35   SiI    VI    5589.02    1688.66     873.74      84.06  4556  6289  0.04  2.14  0.89  6
   106   218    66   380   6244.48   6224.51   SiI    VI    5085.95     693.53     163.44     -88.80  4556  6136  0.08 17.02  4.23  6
   107   219    74   426   6244.48   6251.83   SiI    VI    4710.24     725.50    -152.60      11.36  4624  6374  0.05  7.97  2.07  2
   108   220    75   404   6244.48   6274.66   SiI    VI    5188.41     792.29       0.00       0.00  4556  6287  0.07 23.23  3.30  5
   109   221    76   425   6244.48   6285.17   SiI    VI    5208.23     893.73     159.01    -183.12  4556  6361  0.07 13.66  2.79  6
   110   222   111   424   6244.48   6177.25   SiI   NiI    4148.73     827.17    -122.07       6.40  4556  6374  0.28  7.25  2.57  2
   111   253    88   412   6721.85   6710.32   SiI   FeI    5121.05    1381.97       0.00       0.00  4556  6374  0.33  8.03  2.24  5
   112   254    90   416   6721.85   6739.52   SiI   FeI    4977.96    1325.70       0.00       0.00  4556  6374  0.40 11.72  2.96  5
   113   258    70   400   6741.63   6710.32   SiI   FeI    4522.89    1937.27    -867.24     154.64  4624  6361  0.09  2.38  0.80  2
   114   259    68   397   6741.63   6739.52   SiI   FeI    4539.28    1484.32    -534.89      77.55  4624  6276  0.12  2.83  1.04  2
   115   266    98   423   4749.95   4743.82   FeI   ScI    4529.67     507.53     -57.88       2.56  4556  6374  0.18 10.22  2.75  2
   116   267    86   425   4743.82   4802.52   ScI   FeI    5399.36   -1620.96       0.00       0.00  4578  6374  0.26  3.63  1.08  5
   117   268   113   420   5577.03   5520.50   FeI   ScI    4503.49     805.34       0.00       0.00  4556  6287  0.16  2.51  1.17  1
   118   270   100   438   5649.99   5671.82   FeI   ScI    4380.34    1007.97    -239.18      28.38  4578  6287  0.14  3.59  1.67  2
   119   271    94   437   5651.47   5671.82   FeI   ScI    4519.96    1062.56       0.00       0.00  4578  6287  0.14  1.82  0.89  1
   120   294    59   420   4555.49   4588.20   TiI  CrII    6930.61   -1543.82     390.48     -34.97  4578  6403  0.32  4.76  1.55  2
   121   295    70   420   4555.49   4592.05   TiI  CrII    6062.88   -2344.14     172.02     818.08  4595  6403  0.70  6.15  2.10  6
   122   300    78   428   4562.63   4588.20   TiI  CrII    5095.58    -861.69       0.00       0.00  4556  6271  0.03  4.15  0.63  5
   123   301    63   428   4562.63   4592.05   TiI  CrII    5214.59    -894.11       0.00       0.00  4578  6374  0.05  5.15  0.82  5
   124   302   101   437   4562.63   4594.63   TiI   CoI    5681.62   -1550.38       0.00       0.00  4578  6374  0.49  8.76  1.63  5
   125   303    54   421   4562.63   4512.99   TiI   NiI    5516.27   -1390.69       0.00       0.00  4578  6374  0.30  5.55  1.27  5
   126   304    70   437   4562.63   4523.40   TiI   FeI    4958.01   -1997.53   -1421.95    -811.15  4578  6374  0.10  1.58  0.54  6
   127   305    87   430   4531.62   4562.63   FeI   TiI    4273.10     537.45     -60.64       2.41  4595  6271  0.85 12.81  4.20  2
   128   306    73   414   4562.63   4537.67   TiI   FeI    5477.07   -1868.24       0.00       0.00  4624  6403  0.28  3.08  1.09  5
   129   307    60   423   4562.63   4551.65   TiI   FeI    5260.69   -1465.55       0.00       0.00  4578  6374  0.18  3.59  0.85  5
   130   308    71   420   4556.93   4562.63   FeI   TiI    4154.91    1344.26    -350.79      35.42  4578  6374  0.34  4.74  1.71  2
   131   309    64   430   4562.63   4566.52   TiI   FeI    4920.39   -1927.08   -1103.24    -538.87  4556  6374  0.10  1.51  0.52  6
   132   310    75   431   4562.63   4574.22   TiI   FeI    4990.61   -1497.24       0.00       0.00  4595  6289  0.12  2.16  0.57  5
   133   311    53   419   4562.63   4593.53   TiI   FeI    5233.15   -1459.82       0.00       0.00  4624  6374  0.18  3.64  0.82  5
   134   312    55   422   4562.63   4596.41   TiI   FeI    5140.43   -1498.38       0.00       0.00  4578  6374  0.15  2.65  0.71  5
   135   314   119   428   4562.63   4625.05   TiI   FeI    4078.18   -3392.08   -2267.95    -658.91  4578  6374  0.04  0.77  0.25  6
   136   315    82   418   4562.63   4631.49   TiI   FeI    5828.16   -1525.04       0.00       0.00  4578  6374  0.46 10.40  2.07  5
   137   318   101   429   4656.47   4588.20   TiI  CrII    5762.18   -2209.09    1151.88      23.80  4556  6403  0.55  9.32  1.88  6
   138   319   115   428   4592.05   4656.47  CrII   TiI    4623.65    1586.13       0.00       0.00  4556  6403  0.06  1.17  0.54  1
   139   329    89   425   4661.54   4675.11   FeI   TiI    3843.04    2058.67       0.00       0.00  4556  6374  0.39  1.32  0.79  1
   140   330   115   430   4722.61   4661.54   TiI   FeI    5234.58   -1835.32       0.00       0.00  4556  6403  0.27  3.31  0.86  5
   141   335   100   426   4952.29   4997.10   NiI   TiI    3966.02    2911.34   -1358.78     255.97  4556  6403  0.24  1.93  0.80  2
   142   337    58   431   4997.10   5010.94   TiI   NiI    5422.98   -1887.73       0.00       0.00  4556  6403  0.25  4.20  1.07  5
   143   339    74   432   4952.65   4997.10   FeI   TiI    4135.35    1613.99    -463.41      49.55  4556  6374  0.27  4.30  1.35  2
   144   341   101   423   4962.58   4997.10   FeI   TiI    3315.96    2958.42   -1159.78     163.59  4556  6361  0.46  3.42  1.39  2
   145   344    82   424   5054.65   4997.10   FeI   TiI    2941.11    4106.65   -1820.86     294.67  4556  6403  0.51  2.59  1.03  2
   146   365   103   423   5113.44   5180.06   TiI   FeI    5294.09   -1692.59    1216.77    -554.97  4595  6374  0.33  2.96  0.93  6
   147   369   114   431   5219.70   5159.06   TiI   FeI    5170.58   -1522.66       0.00       0.00  4624  6403  0.13  2.41  0.72  5
   148   370    92   432   5219.70   5180.06   TiI   FeI    6864.48   -2322.81     978.47    -150.42  4578  6403  0.23  3.19  1.00  2
   149   371    79   430   5219.70   5187.91   TiI   FeI    5255.08   -1659.40       0.00       0.00  4556  6403  0.19  3.68  0.87  5
   150   374    81   425   5219.70   5197.57   TiI  FeII    5249.71   -1098.81       0.00       0.00  4595  6276  0.09  5.38  0.88  5
   151   375   100   428   5197.94   5219.70   FeI   TiI    3659.01    3411.37   -1806.68     357.25  4595  6289  0.34  2.32  0.98  2
   152   377    76   410   5223.19   5219.70   FeI   TiI    3394.74    4255.60   -2413.83     551.61  4723  6403  0.32  1.76  0.83  2
   153   378    84   428   5219.70   5228.38   TiI   FeI    5204.32   -1778.46       0.00       0.00  4556  6287  0.21  2.35  0.80  5
   154   380    71   424   5219.70   5234.63   TiI  FeII    5261.84   -1053.00       0.00       0.00  4556  6218  0.09  5.95  0.97  5
   155   382    83   430   5243.78   5219.70   FeI   TiI    3618.54    2092.90    -662.04      74.71  4578  6374  0.52  4.48  1.69  2
   156   385    58   424   5264.81   5219.70  FeII   TiI    4683.90    1385.57    -554.04      79.22  4649  6146  0.03  3.47  1.07  2
   157   386    86   430   5219.70   5288.53   TiI   FeI    5218.68   -2030.90    -838.81    -328.56  4578  6403  0.21  1.98  0.79  6
   158   402    56   409   5996.73   6064.63   NiI   TiI    4538.87    1003.21    -260.53      27.78  4624  6361  0.15  4.49  1.52  2
   159   403    57   417   6086.29   6064.63   NiI   TiI    4497.58     533.90     -72.38       3.69  4595  6361  0.28 10.38  3.24  2
   160   404    52   418   6111.08   6064.63   NiI   TiI    4506.88     646.01    -107.37       7.04  4624  6361  0.22  7.73  2.58  2
   161   405    71   412   6119.76   6064.63   NiI   TiI    4594.80    1534.87    -594.53      98.94  4624  6361  0.06  2.65  0.88  2
   162   406    48   414   6130.14   6064.63   NiI   TiI    4541.89     951.36    -238.34      24.41  4624  6361  0.11  4.83  1.64  2
   163   408    97   419   6064.63   6027.06   TiI   FeI    6251.26   -3840.40    3502.49   -1206.06  4578  6146  0.06  1.19  0.32  2
   164   409    91   409   6064.63   6034.04   TiI   FeI    5731.58   -1357.35       0.00       0.00  4556  6361  0.20 13.18  2.06  5
   165   410    95   391   6064.63   6035.34   TiI   FeI    6628.01    -735.03     105.18      -5.23  4556  6227  0.63  9.69  2.66  2
   166   411    93   399   6064.63   6054.08   TiI   FeI    6644.04   -1129.15     251.12     -19.38  4556  6161  0.55  6.50  1.76  2
   167   412    98   416   6064.63   6056.01   TiI   FeI    6232.95   -4130.13    3896.48   -1308.30  4556  6146  0.06  1.24  0.29  2
   168   413   100   418   6078.49   6064.63   FeI   TiI    4352.65     335.31     -25.25       0.67  4556  6361  0.96 19.06  6.16  2
   169   414    75   417   6079.01   6064.63   FeI   TiI    4394.44     556.18     -73.36       3.57  4556  6361  0.43 10.75  3.51  2
   170   415    76   419   6064.63   6089.57   TiI   FeI    4981.69   -1341.89       0.00       0.00  4578  6276  0.07  2.57  0.56  5
   171   416    65   420   6094.38   6064.63   FeI   TiI    4481.54    1008.70    -245.69      25.75  4578  6361  0.11  4.15  1.54  2
   172   417    61   407   6098.25   6064.63   FeI   TiI    4401.13    1304.37    -388.86      48.47  4578  6361  0.21  3.53  1.31  2
   173   418    82   412   6064.63   6127.91   TiI   FeI    4880.76   -1217.58       0.00       0.00  4556  6276  0.09  1.94  0.46  5
   174   419    60   437   6086.29   6126.22   NiI   TiI    4263.10    1366.42    -367.74      41.08  4556  6361  0.20  3.53  1.38  2
   175   420    69   434   6111.08   6126.22   NiI   TiI    4341.18    1441.24    -364.36      37.13  4556  6361  0.15  2.73  1.10  2
   176   422    92   431   6130.14   6126.22   NiI   TiI    4412.96    2070.84    -753.86     111.27  4556  6361  0.07  1.75  0.69  2
   177   423    70   434   6175.37   6126.22   NiI   TiI    4119.36    1452.22    -414.99      47.88  4556  6403  0.31  3.81  1.59  2
   178   424    67   441   6176.82   6126.22   NiI   TiI    4085.56    1166.70    -261.46      22.61  4556  6361  0.35  5.12  2.08  2
   179   425    79   434   6186.72   6126.22   NiI   TiI    4347.39    1615.39    -500.74      76.85  4556  6374  0.14  2.21  0.98  2
   180   426    98   434   6078.49   6126.22   FeI   TiI    3731.06    1197.07    -222.56      14.67  4556  6276  0.67  7.05  2.64  2
   181   427    78   440   6079.01   6126.22   FeI   TiI    3960.95    1723.78    -530.50      64.77  4556  6374  0.30  3.66  1.51  2
   182   428    86   428   6089.57   6126.22   FeI   TiI    3881.32    2206.86    -800.44     117.38  4556  6374  0.32  2.83  1.17  2
   183   429   111   427   6094.38   6126.22   FeI   TiI    4507.10    1458.47       0.00       0.00  4556  6374  0.07  1.31  0.65  1
   184   431    84   439   6127.91   6126.22   FeI   TiI    3870.40    1849.99    -595.58      72.76  4556  6374  0.39  3.95  1.57  2
   185   432    95   437   6157.73   6126.22   FeI   TiI    3807.82    1486.28    -369.67      33.68  4556  6374  0.54  5.26  2.07  2
   186   434    83   431   6165.36   6126.22   FeI   TiI    3964.42    1794.06    -595.51      78.70  4556  6374  0.34  3.55  1.49  2
   187   438    60   415   6598.60   6599.12   NiI   TiI    4556.21     912.23    -212.24      19.24  4624  6227  0.11  5.01  1.60  2
   188   439    60   419   6599.12   6635.13   TiI   NiI    5343.12   -1189.96       0.00       0.00  4556  6227  0.21  7.90  1.14  5
   189   440    70   418   6627.55   6599.12   FeI   TiI    4408.15     912.76    -187.62      14.74  4556  6227  0.19  5.57  1.85  2
   190   441    99   411   6599.12   6653.86   TiI   FeI    5761.44   -1485.81       0.00       0.00  4556  6276  0.51  8.57  1.98  5
   191   451    68   420   4600.75   4588.20   CrI  CrII    7127.62   -1459.21     317.05     -24.04  4595  6289  0.51  5.69  1.91  2
   192   452    95   424   4592.05   4600.75  CrII   CrI    4474.93    2189.33       0.00       0.00  4556  6289  0.08  0.91  0.46  1
   193   455    74   434   4588.20   4626.18  CrII   CrI    4457.80    1598.77       0.00       0.00  4556  6374  0.10  1.28  0.64  1
   194   456    82   429   4592.05   4626.18  CrII   CrI    4447.74    2254.26       0.00       0.00  4556  6374  0.08  0.89  0.46  1
   195   460    79   432   4964.93   4952.65   CrI   FeI    7192.58   -2641.19     916.25    -103.62  4556  6374  0.36  2.46  0.98  2
   196   473   118   431   5243.78   5247.57   FeI   CrI    4374.38    1324.44   -2675.90    4611.28  4556  6374  0.28  0.85  0.65  2
   197   488   100   443   5243.78   5300.75   FeI   CrI    3543.46    2083.31       0.00       0.00  4556  6287  0.42  1.46  0.93  1
   198   492    94   424   6322.17   6330.13   NiI   CrI    4345.77    2832.52   -1360.44     294.18  4578  6374  0.08  1.22  0.54  2
   199   493   106   426   6330.13   6360.81   CrI   NiI    6027.59   -1710.93       0.00       0.00  4556  6361  0.75  7.71  2.41  5
   200   494    62   421   6330.13   6378.26   CrI   NiI    7110.82   -2165.26     743.14     -93.77  4671  6403  0.35  3.28  1.27  2
   201   495   107   430   6330.13   6290.98   CrI   FeI    4919.90   -2007.14       0.00       0.00  4556  6374  0.18  1.59  0.59  5
   202   497    79   427   6330.13   6315.81   CrI   FeI    5328.37   -2164.86       0.00       0.00  4556  6403  0.29  2.82  0.95  5
   203   498    98   427   6330.13   6380.75   CrI   FeI    5183.93   -1877.08       0.00       0.00  4556  6374  0.23  2.43  0.80  5
   204   501    69   435   5625.32   5670.85   NiI    VI    4388.42    1438.27    -501.21      67.10  4595  6403  0.16  3.98  1.42  2
   205   502    56   426   5628.35   5670.85   NiI    VI    4505.59    2754.47   -1915.99     643.81  4624  6374  0.05  1.40  0.56  2
   206   503    51   416   5641.88   5670.85   NiI    VI    4476.88    1932.54    -957.12     201.81  4649  6361  0.09  2.40  0.92  2
   207   504    48   424   5670.85   5643.08    VI   NiI    5999.17   -1881.42     557.81      40.83  4624  6374  0.69 12.61  2.61  6
   208   505    82   430   5670.85   5682.20    VI   NiI    5264.42   -1208.18       0.00       0.00  4556  6403  0.15  4.13  0.91  5
   209   506    77   435   5670.85   5694.99    VI   NiI    5326.74   -1314.19       0.00       0.00  4556  6403  0.15  4.53  1.00  5
   210   507   105   438   5670.85   5618.64    VI   FeI    5177.02   -1405.75       0.00       0.00  4556  6403  0.15  2.67  0.76  5
   211   508    76   427   5619.60   5670.85   FeI    VI    4083.97    1920.50    -737.38     111.73  4649  6361  0.41  3.22  1.34  2
   212   509   106   426   5633.95   5670.85   FeI    VI    4337.41     774.91    -127.99       7.29  4556  6403  0.37  9.84  2.63  2
   213   510    79   434   5635.83   5670.85   FeI    VI    4187.21    1831.48    -713.12     108.75  4556  6403  0.22  3.48  1.30  2
   214   512   104   430   5641.44   5670.85   FeI    VI    4221.42     928.15    -178.22      12.15  4556  6403  0.43  7.87  2.53  2
   215   513    79   440   5649.99   5670.85   FeI    VI    4328.74    1549.20    -543.25      73.12  4578  6361  0.16  3.79  1.37  2
   216   514    61   431   5651.47   5670.85   FeI    VI    4311.11    2455.38   -1121.10     195.59  4624  6374  0.12  2.41  0.73  2
   217   515    74   434   5670.85   5652.32    VI   FeI    5564.01   -1522.81       0.00       0.00  4595  6374  0.28  6.65  1.38  5
   218   516    82   432   5653.87   5670.85   FeI    VI    4276.28    1583.89    -556.98      74.69  4556  6361  0.25  3.85  1.40  2
   219   517    68   434   5661.35   5670.85   FeI    VI    4229.73    2309.91   -1068.91     207.25  4578  6374  0.16  2.34  0.89  2
   220   519    90   435   5670.85   5667.52    VI   FeI    5123.86   -1518.89       0.00       0.00  4556  6403  0.16  2.54  0.71  5
   221   520   115   434   5679.03   5670.85   FeI    VI    4210.76    1015.89    -208.95      15.12  4578  6403  0.43  7.51  2.35  2
   222   521    72   421   5670.85   5680.24    VI   FeI    6383.96   -2218.62    -231.92     756.44  4556  6403  0.98  9.89  3.03  6
   223   522   110   435   5670.85   5715.09    VI   FeI    4885.41   -2144.12   -1430.97    -634.58  4556  6374  0.11  1.40  0.51  6
   224   524   110   432   5670.85   5731.77    VI   FeI    5093.36   -1685.87    -698.40    -269.83  4556  6374  0.13  2.05  0.64  6
   225   525    82   408   5670.85   5738.24    VI   FeI    6082.15   -1927.10       0.00       0.00  4595  6403  0.65  6.20  2.22  5
   226   526    80   420   5703.59   5641.88    VI   NiI    6995.31   -1174.75     217.50     -13.85  4595  6374  0.66  6.96  2.13  2
   227   527    95   429   5643.08   5703.59   NiI    VI    4483.35    2712.46       0.00       0.00  4578  6374  0.08  0.79  0.37  1
   228   528    84   424   5703.59   5682.20    VI   NiI    5419.44   -1612.42       0.00       0.00  4556  6374  0.26  4.15  1.11  5
   229   529    81   432   5703.59   5694.99    VI   NiI    5527.33   -1813.39       0.00       0.00  4556  6403  0.35  4.55  1.23  5
   230   531    95   428   5703.59   5635.83    VI   FeI    6949.81   -1446.73     223.55       2.93  4578  6374  0.45  3.14  1.33  2
   231   533   114   432   5703.59   5641.44    VI   FeI    6482.14   -1461.97    -160.23     215.36  4556  6374  0.20  2.23  0.72  2
   232   534    85   416   5703.59   5649.99    VI   FeI    5669.19   -1978.78       0.00       0.00  4578  6361  0.45  3.97  1.32  5
   233   535    92   395   5703.59   5651.47    VI   FeI    6425.99   -2784.52       0.00       0.00  4723  6361  1.07  3.92  2.21  5
   234   536   100   427   5703.59   5652.32    VI   FeI    5935.02   -2316.70       0.00       0.00  4556  6374  0.48  3.92  1.68  5
   235   537    95   433   5703.59   5653.87    VI   FeI    5628.34   -2036.84       0.00       0.00  4556  6374  0.37  3.86  1.32  5
   236   538   110   422   5661.35   5703.59   FeI    VI    4281.05    2065.65       0.00       0.00  4578  6361  0.12  1.02  0.58  1
   237   540   107   430   5703.59   5667.52    VI   FeI    5280.98   -2193.13       0.00       0.00  4556  6374  0.28  2.55  0.89  5
   238   547    95   436   5703.59   5741.85    VI   FeI    5768.56   -2409.55       0.00       0.00  4556  6287  0.57  4.07  1.42  5
   239   548   115   432   5703.59   5752.04    VI   FeI    5287.02   -1892.00       0.00       0.00  4556  6287  0.27  2.77  0.89  5
   240   549    62   425   5727.05   5682.20    VI   NiI    5585.03   -1607.82       0.00       0.00  4578  6403  0.36  5.38  1.39  5
   241   550    59   429   5727.05   5694.99    VI   NiI    5709.88   -1798.10       0.00       0.00  4578  6403  0.35  5.90  1.55  5
   242   551   101   421   5727.05   5661.35    VI   FeI    6335.59   -2391.63       0.00       0.00  4578  6403  1.05  9.50  2.45  5
   243   553    92   431   5667.52   5727.05   FeI    VI    3845.71    2455.35    -936.58     141.60  4578  6403  0.30  2.56  1.07  2
   244   554   104   429   5679.03   5727.05   FeI    VI    3574.75    2812.40   -1142.44     165.40  4578  6403  0.34  3.34  1.24  2
   245   556    96   430   5727.05   5715.09    VI   FeI    6406.55   -1167.36       0.00       0.00  4578  6227  0.25  1.76  0.81  1
   246   558    96   431   5731.77   5727.05   FeI    VI    3492.78    3125.83   -1385.52     218.87  4556  6403  0.40  3.16  1.18  2
   247   560    75   420   5727.05   5741.85    VI   FeI    5995.89   -2379.69       0.00       0.00  4647  6374  0.70  5.32  1.76  5
   248   561    87   433   5752.04   5727.05   FeI    VI    3789.33    2716.33   -1178.22     186.33  4556  6374  0.28  3.03  1.10  2
   249   562   100   435   5727.05   5775.08    VI   FeI    5398.61   -1962.80       0.00       0.00  4556  6276  0.32  3.53  1.02  5
   250   564    90   433   5793.92   5727.05   FeI    VI    3754.45    4057.27   -2448.63     567.09  4578  6403  0.18  1.78  0.70  2
   251   565    95   419   5737.07   5682.20    VI   NiI    5093.20   -1044.62       0.00       0.00  4556  6289  0.09  3.32  0.67  5
   252   566    92   424   5737.07   5694.99    VI   NiI    5134.31   -1124.03       0.00       0.00  4556  6289  0.10  3.64  0.73  5
   253   567    81   420   5737.07   5805.22    VI   NiI    5175.99   -1096.42       0.00       0.00  4556  6289  0.11  4.85  0.81  5
   254   568   106   423   5737.07   5667.52    VI   FeI    6356.77   -2983.55    2072.15    -526.06  4556  6289  0.09  2.04  0.51  2
   255   570    79   417   5737.07   5680.24    VI   FeI    5876.22   -1851.09     240.03     352.27  4556  6227  0.65  7.44  2.16  6
   256   574    86   424   5737.07   5738.24    VI   FeI    5673.07   -1505.14       0.00       0.00  4556  6289  0.37  7.76  1.72  5
   257   575    92   427   5737.07   5741.85    VI   FeI    5189.60   -1349.13       0.00       0.00  4556  6289  0.16  3.18  0.81  5
   258   576   115   424   5737.07   5752.04    VI   FeI    4977.06   -1165.22       0.00       0.00  4556  6289  0.08  2.22  0.52  5
   259   578   105   424   5737.07   5778.46    VI   FeI    6760.77   -2275.56     889.74    -124.24  4556  6289  0.25  3.01  0.92  2
   260   579   102   426   5737.07   5793.92    VI   FeI    6314.88   -1747.26     665.84     -87.40  4556  6289  0.12  3.56  0.78  2
   261   580   104   420   5737.07   5806.73    VI   FeI    4980.47   -1162.90       0.00       0.00  4556  6289  0.08  2.49  0.53  5
   262   581    58   433   6039.73   5996.73    VI   NiI    5479.07   -1531.94     515.39     170.67  4556  6361  0.37  7.92  1.38  6
   263   582    69   427   6086.29   6039.73   NiI    VI    4398.18     790.83    -148.51      10.92  4556  6374  0.25  6.80  2.34  2
   264   587   117   427   6039.73   6027.06    VI   FeI    6288.10   -2909.57    1707.35    -349.82  4556  6276  0.08  1.31  0.40  2
   265   589    96   400   6035.34   6039.73   FeI    VI    4557.95    2490.26       0.00       0.00  4556  6361  0.04  0.82  0.36  1
   266   590    86   421   6054.08   6039.73   FeI    VI    4573.63    1631.18       0.00       0.00  4556  6361  0.06  1.16  0.54  1
   267   591   117   423   6039.73   6056.01    VI   FeI    4723.02   -1354.03       0.00       0.00  4556  6374  0.06  1.28  0.35  5
   268   593    89   427   6039.73   6079.01    VI   FeI    4985.69   -1419.30       0.00       0.00  4556  6276  0.12  2.96  0.57  5
   269   594    92   431   6039.73   6089.57    VI   FeI    5096.61   -1575.61       0.00       0.00  4556  6374  0.10  3.26  0.69  5
   270   595    66   434   6039.73   6094.38    VI   FeI    5456.72   -1745.58     646.12     395.36  4556  6374  0.38  4.89  1.24  6
   271   596    67   424   6098.25   6039.73   FeI    VI    4328.62    1747.56    -557.29      70.52  4556  6374  0.17  2.38  0.93  2
   272   597    68   427   6081.45   6086.29    VI   NiI    5149.80   -1261.76     367.63     336.48  4556  6289  0.17  4.42  0.80  6
   273   598    58   432   6111.08   6081.45   NiI    VI    4406.69    1144.56    -331.96      41.02  4578  6276  0.18  3.94  1.62  2
   274   599    72   423   6119.76   6081.45   NiI    VI    4552.74    2439.14   -1453.58     475.42  4624  6361  0.05  1.27  0.55  2
   275   600    47   428   6130.14   6081.45   NiI    VI    4484.00    1547.58    -599.90     105.00  4624  6271  0.09  2.59  1.02  2
   276   603    99   402   6081.45   6034.04    VI   FeI    6108.36   -1655.28       0.00       0.00  4556  6361  0.83  9.31  2.83  5
   277   604    94   391   6081.45   6035.34    VI   FeI    6993.77    -675.34      75.67      -3.02  4595  6289  1.28 11.16  3.82  2
   278   605    83   412   6054.08   6081.45   FeI    VI    4589.83    1847.19       0.00       0.00  4556  6276  0.05  0.95  0.46  1
   279   607   117   429   6081.45   6078.49    VI   FeI    6273.41   -2902.91    1461.14    -132.34  4556  6260  0.08  1.47  0.37  2
   280   608    91   434   6079.01   6081.45   FeI    VI    4271.08     991.47    -219.89      18.49  4556  6374  0.32  6.28  2.25  2
   281   609    92   431   6081.45   6089.57    VI   FeI    5203.04   -1546.69       0.00       0.00  4556  6374  0.20  2.70  0.80  5
   282   610    67   433   6081.45   6094.38    VI   FeI    5566.76   -1763.37     597.19     251.75  4556  6374  0.44  5.65  1.46  6
   283   611    67   422   6098.25   6081.45   FeI    VI    4322.34    2131.55    -923.85     178.26  4578  6374  0.15  1.97  0.81  2
   284   612   103   430   6081.45   6127.91    VI   FeI    5071.26   -1349.46       0.00       0.00  4556  6289  0.15  2.56  0.65  5
   285   613    67   431   6090.21   6086.29    VI   NiI    5555.57   -1954.83       0.00       0.00  4556  6361  0.43  3.88  1.24  5
   286   614    79   431   6090.21   6111.08    VI   NiI    7112.57   -1766.09     457.32     -40.66  4556  6403  0.28  4.85  1.52  2
   287   616   110   430   6130.14   6090.21   NiI    VI    4541.25    1841.42       0.00       0.00  4556  6361  0.06  1.08  0.50  1
   288   618   109   431   6027.06   6090.21   FeI    VI    3499.74    2217.71    -676.27      71.33  4556  6276  0.49  4.02  1.60  2
   289   622   119   422   6090.21   6056.01    VI   FeI    6381.00   -1372.12       0.00       0.00  4578  6403  0.05  1.56  0.66  1
   290   623   119   422   6090.21   6078.49    VI   FeI    6443.60   -1606.61       0.00       0.00  4578  6403  0.10  1.35  0.60  1
   291   624    79   426   6090.21   6079.01    VI   FeI    5460.03   -2197.31       0.00       0.00  4556  6361  0.41  3.08  1.08  5
   292   625   100   432   6090.21   6089.57    VI   FeI    5715.25   -2492.05       0.00       0.00  4556  6374  0.54  3.65  1.33  5
   293   628    95   432   6090.21   6127.91    VI   FeI    5421.56   -2083.17       0.00       0.00  4556  6289  0.38  2.87  1.05  5
   294   629   107   428   6090.21   6157.73    VI   FeI    5167.54   -2066.70       0.00       0.00  4556  6276  0.27  1.84  0.79  5
   295   631    72   422   6086.29   6111.65   NiI    VI    4569.88     660.52    -121.54       8.43  4595  6361  0.19  8.03  2.58  2
   296   632    56   419   6111.65   6111.08    VI   NiI    5227.32   -1043.69     272.78       3.05  4578  6289  0.16  6.34  0.95  6
   297   633    58   421   6111.65   6119.76    VI   NiI    5790.05   -1487.03     543.20     -46.89  4624  6361  0.50 24.81  2.67  6
   298   634    42   419   6111.65   6130.14    VI   NiI    5442.48   -1167.75     321.50      36.41  4578  6289  0.26 12.09  1.54  6
   299   635    86   426   6111.65   6175.37    VI   NiI    5084.83   -1084.98       0.00       0.00  4556  6289  0.10  3.25  0.65  5
   300   636    93   424   6111.65   6176.82    VI   NiI    4977.63   -1052.74       0.00       0.00  4556  6287  0.08  2.75  0.51  5
   301   637    52   417   6054.08   6111.65   FeI    VI    4563.24    2167.74    -979.05     184.09  4624  6289  0.04  1.67  0.58  2
   302   638   118   423   6056.01   6111.65   FeI    VI    4493.47     424.08     -45.41       1.70  4556  6361  0.49 14.86  4.62  2
   303   639   114   425   6111.65   6078.49    VI   FeI    4819.94   -1115.91       0.00       0.00  4556  6287  0.06  1.68  0.37  5
   304   640    93   426   6079.01   6111.65   FeI    VI    4497.47     662.97    -114.34       7.26  4556  6361  0.26  8.60  2.81  2
   305   641    91   423   6111.65   6089.57    VI   FeI    5184.45   -1213.45       0.00       0.00  4556  6289  0.15  4.20  0.79  5
   306   642    57   427   6111.65   6094.38    VI   FeI    5458.21   -1326.88     351.79     175.53  4578  6287  0.28 14.52  1.51  6
   307   643    59   422   6111.65   6098.25    VI   FeI    5560.27   -1419.96     265.87     195.40  4578  6289  0.34  7.78  1.63  6
   308   644   100   422   6111.65   6127.91    VI   FeI    5079.04   -1092.12       0.00       0.00  4556  6289  0.11  3.16  0.64  5
   309   645   112   420   6111.65   6157.73    VI   FeI    4949.60   -1084.65       0.00       0.00  4556  6287  0.08  2.16  0.48  5
   310   646    80   416   6159.38   6111.65   FeI    VI    4434.86    2011.74    -927.17     176.20  4595  6361  0.13  2.43  0.85  2
   311   647   100   424   6111.65   6165.36    VI   FeI    5097.42   -1105.45       0.00       0.00  4556  6289  0.11  2.93  0.67  5
   312   648    72   419   6086.29   6135.36   NiI    VI    4499.93     654.16    -115.91       7.78  4578  6361  0.25  8.15  2.84  2
   313   649    60   419   6111.08   6135.36   NiI    VI    4502.09     797.51    -174.98      15.37  4578  6403  0.20  6.28  2.24  2
   314   650    58   418   6135.36   6119.76    VI   NiI    5727.03   -1539.85     620.41     -56.66  4624  6361  0.48 19.53  2.25  6
   315   651    46   421   6130.14   6135.36   NiI    VI    4552.38    1135.45    -358.52      47.31  4624  6403  0.09  4.04  1.42  2
   316   652    89   424   6135.36   6175.37    VI   NiI    4997.38   -1142.34       0.00       0.00  4556  6260  0.11  2.50  0.55  5
   317   653    95   420   6135.36   6176.82    VI   NiI    4885.96   -1109.65       0.00       0.00  4556  6260  0.08  2.21  0.43  5
   318   654    52   419   6135.36   6186.72    VI   NiI    5201.40   -1118.89     339.23     125.26  4578  6227  0.18  5.53  0.90  6
   319   655    57   420   6204.61   6135.36   NiI    VI    4562.08     985.89    -235.13      21.98  4624  6403  0.13  5.25  1.45  2
   320   656   118   422   6135.36   6078.49    VI   FeI    4710.94   -1183.61       0.00       0.00  4556  6271  0.05  1.32  0.31  5
   321   657    94   422   6079.01   6135.36   FeI    VI    4403.35     677.02    -114.88       7.22  4556  6403  0.33  8.46  3.11  2
   322   658    97   426   6135.36   6089.57    VI   FeI    5091.15   -1291.43       0.00       0.00  4556  6403  0.07  3.30  0.66  5
   323   659    62   428   6094.38   6135.36   FeI    VI    4497.14    1186.58    -346.69      43.20  4578  6260  0.09  3.53  1.30  2
   324   660    64   421   6098.25   6135.36   FeI    VI    4393.38    1651.98    -664.77     112.66  4578  6361  0.16  2.79  1.10  2
   325   661   105   422   6135.36   6127.91    VI   FeI    4988.77   -1163.97       0.00       0.00  4556  6276  0.11  2.49  0.54  5
   326   662   119   423   6135.36   6157.73    VI   FeI    4851.43   -1152.65       0.00       0.00  4556  6276  0.08  1.65  0.40  5
   327   663    90   417   6159.38   6135.36   FeI    VI    4347.42    1989.83    -887.39     168.35  4595  6361  0.17  2.39  0.94  2
   328   664   102   421   6135.36   6165.36    VI   FeI    5006.60   -1174.62       0.00       0.00  4556  6276  0.11  2.31  0.56  5
   329   665    97   430   6216.35   6175.37    VI   NiI    6831.34   -1768.72     503.21     -48.40  4556  6289  0.43  4.73  1.24  2
   330   666   100   427   6216.35   6176.82    VI   NiI    5320.23   -1764.24       0.00       0.00  4556  6178  0.33  4.18  0.96  5
   331   667    62   434   6186.72   6216.35   NiI    VI    4439.90    1855.24    -773.86     563.41  4578  6289  0.10  1.14  0.63  2
   332   668   101   433   6204.61   6216.35   NiI    VI    4440.04    2211.15       0.00       0.00  4556  6289  0.07  0.85  0.46  1
   333   669    64   430   6216.35   6223.99    VI   NiI    6214.53   -4102.09    4358.55   -1926.64  4578  6161  1.04  9.57  2.22  6
   334   670   109   415   6216.35   6230.10    VI   NiI    6970.01   -6530.44    7021.64   -2717.02  4556  6374  1.24  9.96  2.69  6
   335   671    70   422   6149.25   6216.35  FeII    VI    4693.36    1983.31   -1116.75     229.06  4624  6178  0.02  2.53  0.68  2
   336   674   117   427   6216.35   6165.36    VI   FeI    6874.25   -1751.04     488.12     -47.05  4556  6178  0.43  4.38  1.27  2
   337   677    71   429   6226.74   6216.35   FeI    VI    4357.35    1609.03    -624.04    1107.05  4578  6161  0.15  0.91  0.63  2
   338   679    68   423   6238.39   6216.35  FeII    VI    4688.90    1520.90    -628.82      94.19  4624  6178  0.05  3.18  0.86  2
   339   680    47   372   6216.35   6239.94    VI  FeII    6273.01   -1381.76     524.70    -125.68  4715  6361  0.96 58.36  8.87  6
   340   681    81   425   6216.35   6247.56    VI  FeII    5588.95   -1021.35      25.81     166.43  4556  6218  0.24 48.60  2.78  6
   341   682    80   379   6224.51   6175.37    VI   NiI    4951.17    -889.34       0.00       0.00  4556  6136  0.06  2.60  0.50  5
   342   683    86   381   6224.51   6176.82    VI   NiI    4856.69    -932.91     -32.35      20.38  4556  6136  0.05  2.30  0.39  6
   343   684    55   385   6224.51   6186.72    VI   NiI    5121.20    -840.21     130.96      37.09  4578  6161  0.10  5.77  0.81  6
   344   685    55   379   6224.51   6204.61    VI   NiI    5225.32    -896.40     154.40      70.49  4578  6161  0.13  7.53  1.08  6
   345   686    55   383   6224.51   6223.99    VI   NiI    5164.14    -843.65      48.15     -62.56  4578  6161  0.10  5.27  0.89  6
   346   687    62   375   6230.10   6224.51   NiI    VI    4702.47     606.18    -116.53       8.69  4649  6161  0.04  7.06  2.11  2
   347   688   102   378   6224.51   6157.73    VI   FeI    4836.63    -902.24       0.00       0.00  4556  6136  0.05  1.65  0.36  5
   348   689    79   378   6224.51   6159.38    VI   FeI    5387.46   -1060.27       0.00       0.00  4595  6161  0.16  6.30  1.27  5
   349   690    94   385   6224.51   6165.36    VI   FeI    4958.81    -908.87       0.00       0.00  4556  6161  0.06  2.41  0.50  5
   350   691    94   381   6187.99   6224.51   FeI    VI    4521.49     374.44     -38.85       1.43  4556  6161  0.42 14.48  4.70  2
   351   692    66   391   6224.51   6220.79    VI   FeI    5205.10   -1165.05    -282.63    -359.06  4556  6161  0.17  2.82  0.85  6
   352   693    71   387   6224.51   6226.74    VI   FeI    5062.29   -1020.37       0.00       0.00  4556  6161  0.11  3.73  0.67  5
   353   695    62   379   6224.51   6238.39    VI  FeII    5221.92    -607.12       0.00       0.00  4556  6136  0.05 11.45  1.36  5
   354   696    46   328   6224.51   6239.94    VI  FeII    5566.73    -534.93      55.13     -29.44  4715  6161  0.12 32.90  4.00  6
   355   697    75   380   6224.51   6247.56    VI  FeII    5199.10    -580.23       0.00       0.00  4556  6136  0.05 26.75  1.41  5
   356   698    94   382   6224.51   6290.98    VI   FeI    4788.15    -921.69       0.00       0.00  4556  6136  0.04  1.64  0.33  5
   357   699    51   425   6186.72   6251.83   NiI    VI    4535.57    1292.89    -450.23      60.46  4624  6374  0.11  4.10  1.34  2
   358   700    54   417   6251.83   6204.61    VI   NiI    5607.22   -1161.46       0.00       0.00  4624  6227  0.27 11.25  1.81  5
   359   701    50   421   6251.83   6223.99    VI   NiI    5487.35   -1173.64     115.80      43.24  4578  6276  0.28  8.19  1.47  6
   360   702    48   406   6230.10   6251.83   NiI    VI    4625.96    1461.20    -573.46      96.59  4649  6276  0.03  2.68  0.97  2
   361   703    90   425   6251.83   6187.99    VI   FeI    5137.51   -1316.32       0.00       0.00  4556  6276  0.14  2.87  0.71  5
   362   704    64   424   6220.79   6251.83   FeI    VI    4101.95    2901.08   -1726.55     402.50  4649  6361  0.23  2.13  0.88  2
   363   705    67   430   6226.74   6251.83   FeI    VI    4328.09    1597.37    -588.18      82.48  4624  6374  0.17  3.70  1.32  2
   364   707    61   418   6251.83   6238.39    VI  FeII    5436.06    -707.14       0.00       0.00  4578  6276  0.09 17.81  2.10  5
   365   708    47   375   6251.83   6239.94    VI  FeII    5812.56    -657.44      95.93     -41.68  4715  6361  0.23 49.38  6.43  6
   366   709    74   421   6251.83   6247.56    VI  FeII    5396.37    -675.22       0.00       0.00  4556  6227  0.07 41.59  2.16  5
   367   710    96   427   6251.83   6290.98    VI   FeI    5016.07   -1171.68       0.00       0.00  4556  6374  0.09  2.24  0.56  5
   368   711   114   373   6251.83   6303.46    VI   FeI    6316.41   -1239.36       0.00       0.00  4556  6361  0.48 37.46  6.56  5
   369   712    85   426   6315.81   6251.83   FeI    VI    4394.80    1118.73    -297.28      28.45  4578  6374  0.24  5.96  1.88  2
   370   713    74   409   6274.66   6223.99    VI   NiI    5270.59    -997.57       0.00       0.00  4556  6287  0.09  5.93  1.04  5
   371   714    88   403   6274.66   6230.10    VI   NiI    5376.64    -998.79       0.00       0.00  4556  6287  0.12 27.92  1.44  5
   372   715    71   401   6274.66   6322.17    VI   NiI    5451.19    -975.43       0.00       0.00  4556  6287  0.13 14.00  1.66  5
   373   716    91   409   6274.66   6220.79    VI   FeI    5325.47   -1340.36       0.00       0.00  4556  6287  0.15  4.99  1.04  5
   374   717    91   413   6274.66   6226.74    VI   FeI    5164.88   -1167.25       0.00       0.00  4556  6287  0.09  4.20  0.79  5
   375   719    70   405   6274.66   6238.39    VI  FeII    5293.56    -657.94       0.00       0.00  4556  6276  0.03 12.90  1.53  5
   376   720    57   354   6274.66   6239.94    VI  FeII    5661.85    -594.98      22.05       2.83  4715  6287  0.09 37.27  4.52  6
   377   721    83   410   6274.66   6247.56    VI  FeII    5266.96    -633.57       0.00       0.00  4556  6276  0.03 30.13  1.55  5
   378   722   106   409   6274.66   6290.98    VI   FeI    4843.32   -1039.38       0.00       0.00  4556  6287  0.03  1.85  0.38  5
   379   723   118   367   6274.66   6303.46    VI   FeI    5944.79   -1061.05       0.00       0.00  4556  6287  0.23 25.67  4.32  5
   380   724    99   410   6274.66   6315.81    VI   FeI    5048.38   -1067.56       0.00       0.00  4556  6287  0.06  3.16  0.61  5
   381   726    67   425   6285.17   6223.99    VI   NiI    5342.07   -1074.13       0.00       0.00  4556  6361  0.15  6.54  1.15  5
   382   727    76   417   6230.10   6285.17   NiI    VI    4601.66    1113.70    -330.75      38.23  4556  6374  0.03  4.58  1.32  2
   383   728    74   419   6322.17   6285.17   NiI    VI    4623.22    1293.52    -441.95      54.52  4578  6361  0.07  4.50  1.12  2
   384   729    84   422   6220.79   6285.17   FeI    VI    4243.82    1762.57    -652.65      89.69  4578  6361  0.19  3.81  1.21  2
   385   730    81   427   6285.17   6226.74    VI   FeI    5240.47   -1272.43       0.00       0.00  4556  6361  0.15  4.63  0.89  5
   386   732    69   421   6285.17   6238.39    VI  FeII    5341.88    -690.77       0.00       0.00  4556  6361  0.05 14.24  1.61  5
   387   733    53   368   6285.17   6239.94    VI  FeII    5716.96    -614.74      53.19     -25.27  4715  6361  0.13 37.79  4.90  6
   388   734    81   426   6285.17   6247.56    VI  FeII    5308.39    -659.46       0.00       0.00  4556  6276  0.05 33.25  1.64  5
   389   735   106   425   6290.98   6285.17   FeI    VI    4498.39     428.30     -44.07       1.54  4556  6361  0.53 16.98  4.26  2
   390   736   113   374   6285.17   6303.46    VI   FeI    6085.57   -1156.22       0.00       0.00  4556  6287  0.27 28.68  4.87  5
   391   737    93   426   6285.17   6315.81    VI   FeI    5108.87   -1153.33       0.00       0.00  4556  6276  0.11  3.20  0.68  5
   392   749    93   387   6086.29   6120.25   NiI   FeI    4462.98    1414.98       0.00       0.00  4556  6136  1.27 13.95  5.59  5
   393   752    78   390   6111.08   6120.25   NiI   FeI    4519.89    1771.15    -619.59     379.68  4556  6161  1.08 10.52  4.48  6
   394   753    72   385   6119.76   6120.25   NiI   FeI    4441.73     975.54    -230.93      26.65  4624  6161  0.21  3.42  1.56  2
   395   755    59   394   6130.14   6120.25   NiI   FeI    4240.07     756.04    -136.59      10.17  4556  6161  0.51  6.74  2.83  2
   396   756   119   391   6175.37   6120.25   NiI   FeI    4364.24    1416.43       0.00       0.00  4556  6136  1.51 18.82  6.55  5
   397   758    67   388   6186.72   6120.25   NiI   FeI    4648.16    1353.06     130.39      -0.20  4556  6136  0.74  9.46  4.00  6
   398   764    63   426   6625.02   6598.60   FeI   NiI    6736.86   -1900.75     610.06     -65.27  4624  6276  0.27  4.45  1.04  2
   399   765    67   432   6625.02   6635.13   FeI   NiI    6822.50   -1984.22     647.28     -73.17  4556  6374  0.33  4.04  1.08  2
   400   819    58   432   5225.53   5197.57   FeI  FeII    7242.36   -2255.24     740.92     -86.48  4556  6403  0.46  3.85  1.35  2
   401   820    57   433   5197.57   5247.06  FeII   FeI    5579.67    1918.91       0.00       0.00  4556  6403  0.18  2.95  0.99  5
   402   821    69   432   5250.21   5197.57   FeI  FeII    6938.31   -1858.10     552.07     -56.72  4556  6403  0.36  4.48  1.29  2
   403   833    54   430   5234.63   5225.53  FeII   FeI    4513.17    1064.24       0.00       0.00  4556  6289  0.13  1.80  0.89  1
   404   838    46   431   5225.53   5264.81   FeI  FeII    6231.67   -2567.02    1391.86    -257.28  4556  6403  0.81 43.26  3.58  6
   405   847    50   428   5247.06   5234.63   FeI  FeII    7051.86   -2121.77     699.94     -78.90  4647  6403  0.34  4.28  1.29  2
   406   848    71   427   5250.21   5234.63   FeI  FeII    7037.03   -2138.92     740.43     -90.32  4578  6403  0.36  3.67  1.20  2
   407   855    41   425   5264.81   5247.06  FeII   FeI    4570.37    2361.20    -985.79     151.09  4624  6403  0.03  1.55  0.51  2
   408   862    42   426   5264.81   5250.21  FeII   FeI    4568.25    2460.86   -1179.34     221.23  4556  6403  0.04  1.66  0.51  2
   409   873   114   416   5852.22   5853.15   FeI   FeI    4399.21    1930.06       0.00       0.00  4556  6271  0.78  7.88  3.79  5
   410   874    70   422   5853.15   5855.08   FeI   FeI    7020.93   -4283.44    2714.01    -610.98  4556  6271  0.26  1.71  0.57  2
   411   876    97   413   5853.15   5902.48   FeI   FeI    5208.86   -2279.43       0.00       0.00  4556  6271  0.28  2.03  0.85  5
   412   888    59   393   6120.25   6054.08   FeI   FeI    6826.93   -2448.87     968.71    -128.84  4578  6161  0.38  3.32  0.94  2
   413   893    69   395   6094.38   6120.25   FeI   FeI    4178.78     751.17    -121.42       8.73  4556  6161  0.51  5.61  2.69  2
   414   895    73   392   6098.25   6120.25   FeI   FeI    4833.49    1842.23       0.00       0.00  4556  6161  0.73  4.72  2.29  5
   415   898   114   382   6120.25   6159.38   FeI   FeI    4944.99   -1952.33       0.00       0.00  4595  6161  0.26  1.49  0.60  5
   416   904   107   419   6358.68   6380.75   FeI   FeI    7039.04   -6092.09       0.00       0.00  4556  6374  1.33  2.98  1.82  5
   417   907    91   425   6358.68   6416.93   FeI  FeII    7103.33    -861.89     108.92      -4.80  4556  6374  0.97  8.98  2.99  2
   418   913    55   421   6625.02   6627.55   FeI   FeI    5171.63   -2332.46       0.00       0.00  4556  6276  0.33  1.93  0.81  5
   419   914   113   419   6625.02   6653.86   FeI   FeI    6225.57   -2673.06       0.00       0.00  4556  6374  0.77  6.15  2.03  5
   420   916   102   412   6699.15   6739.52   FeI   FeI    6188.72    2649.40       0.00       0.00  4578  6374  0.20  1.15  0.57  5
   421   917   114   425   6705.11   6710.32   FeI   FeI    2930.12    2086.69    -516.00      45.61  4556  6374  0.94  5.44  2.47  2
   422   918   119   424   6705.11   6739.52   FeI   FeI    4069.74    4486.80   -3642.77    1431.49  4556  6374  1.22 10.56  3.25  6
   423   919    75   426   6713.05   6710.32   FeI   FeI    3430.59    2587.44    -826.81      90.52  4556  6374  0.47  3.60  1.26  2
   424   920    59   424   6713.74   6710.32   FeI   FeI    3591.29    2744.06   -1017.04     142.46  4556  6361  0.39  2.34  1.09  2
   425   922   100   413   6710.32   6732.07   FeI   FeI    6569.32   -2640.08       0.00       0.00  4578  6374  1.05  6.52  2.74  5
   426   923    63   430   6733.15   6710.32   FeI   FeI    3444.76    2465.89    -820.68     106.42  4556  6374  0.55  3.07  1.39  2
   427   926    71   418   6713.05   6739.52   FeI   FeI    5022.26    2408.22       0.00       0.00  4556  6276  0.53  3.09  1.60  5
   428   927    55   422   6713.74   6739.52   FeI   FeI    3604.92    2187.47    -686.09      81.59  4556  6276  0.49  3.13  1.41  2
   429   929    85   414   6732.07   6739.52   FeI   FeI    6242.22    2560.64       0.00       0.00  4578  6361  0.20  1.23  0.53  5
   430   930    62   426   6733.15   6739.52   FeI   FeI    4953.24    2310.65       0.00       0.00  4556  6374  0.62  5.47  1.80  5
   431   931   105   406   6739.52   6745.11   FeI   FeI    6223.34   -2938.34       0.00       0.00  4698  6361  0.88  3.57  1.83  5
   432   933    71   426   6739.52   6793.26   FeI   FeI    5639.73   -3066.01       0.00       0.00  4671  6361  0.59  2.28  1.17  5
