nl	stddev	nstars	line	ele	c0	c1	c2	c3	c4	teffa	teffb	feha	fehb	ewa	ewb	slope
     1   0.03750   296   6842.04   NiI  -2.647963033e+02   1.115700730e+01   1.196149444e-01   1.558523172e+01  -1.200822805e-05   5.558366949e-03  4578  6276 -0.45  0.39  20.0  50.0 0.9996
     2   0.01549   386   4523.40   FeI   3.340461758e+01   9.803563495e+00   3.054455471e-02  -6.348816689e-01  -4.962990258e-06   6.433329140e-03  4624  6403 -0.78  0.39  20.1  69.5 1.0000
     3   0.02173   227   4537.67   FeI   2.850010790e+02   1.118893366e+02  -7.090071038e-02   1.514610288e+01   4.253128900e-06  -1.374409392e-02  4578  6026 -0.72  0.39  20.0  52.1 0.9998
     4   0.01432   322   4551.65   FeI  -7.152319393e+01   3.405789400e+01   5.782089061e-02   5.992320148e+00  -7.035919764e-06   1.308773430e-03  4624  6287 -0.66  0.39  20.0  57.1 1.0001
     5   0.03018   339   4554.46   FeI   8.307799857e+02   1.017263166e+02  -2.339795450e-01  -5.797364878e+00   1.676514765e-05  -1.027507658e-02  4649  6403 -0.72  0.39  20.5  74.9 1.0004
     6   0.03223   362   4561.41   FeI   2.503297164e+01   9.021616854e+01   2.945635197e-02   1.165761137e+01  -4.716684654e-06  -6.692364702e-03  4556  6374 -0.72  0.39  20.5  73.4 1.0001
     7   0.01485   396   4566.52   FeI   2.469058827e+01   4.034418681e+01   3.551365779e-02   6.998010694e+00  -5.497948197e-06   1.471720405e-03  4624  6374 -0.78  0.39  20.3  74.7 1.0001
     8   0.03666   399   4574.22   FeI   1.068704971e+02   1.187460387e+02   1.119900886e-02   1.076311357e+01  -3.924575318e-06  -1.192949789e-02  4556  6361 -0.84  0.39  20.2  72.2 1.0000
     9   0.03455   341   4574.72   FeI  -1.093941676e+02  -4.674376216e+01   8.926692313e-02  -5.797158598e+00  -1.049127656e-05   1.508016655e-02  4679  6374 -0.84  0.35  24.5  74.9 1.0001
    10   0.02860   326   4579.33   FeI  -1.005372358e+01   2.901165402e+01   4.279980341e-02   3.486321540e+00  -6.285374710e-06   2.275244735e-03  4578  6276 -0.72  0.35  20.0  58.9 1.0001
    11   0.01753   348   4593.53   FeI  -1.559290247e+02   4.348525539e+01   8.989694413e-02   1.158438198e+01  -1.002085877e-05   1.025628668e-04  4578  6287 -0.66  0.39  20.2  54.2 1.0001
    12   0.01603   377   4596.41   FeI  -6.229088019e+01   4.851079450e+01   6.031534601e-02   1.230402892e+01  -7.593456970e-06  -2.193127379e-04  4624  6361 -0.72  0.39  20.1  62.9 1.0005
    13   0.02862   168   4602.00   FeI   1.424169284e+02  -6.959962435e+01  -6.436246472e-04  -9.508433725e+00  -2.014592503e-06   1.796580933e-02  5023  6361 -0.84  0.30  34.5  74.9 1.0001
    14   0.02030   380   4635.85   FeI  -5.749767386e+01  -4.600303069e+01   6.401895249e-02  -7.686638575e+00  -7.700651052e-06   1.477125689e-02  4556  6374 -0.84  0.39  24.9  75.0 0.9998
    15   0.01781   395   4661.54   FeI  -1.696575431e+01   2.606023424e+01   4.171188710e-02   3.297293830e+00  -5.603693121e-06   3.134459026e-03  4578  6287 -0.78  0.39  20.5  62.4 1.0000
    16   0.03656   384   4690.14   FeI  -1.011659632e+01  -2.300896245e+01   4.402384657e-02   1.871381591e+00  -5.632569650e-06   1.151811684e-02  4556  6403 -0.84  0.35  27.3  74.6 1.0000
    17   0.02102   165   4741.53   FeI   1.278640086e+02  -5.547990848e+01   3.354920310e-03  -7.231481539e+00  -2.222815368e-06   1.614145974e-02  5107  6374 -0.83  0.21  34.6  74.7 1.0000
    18   0.02448   365   4749.95   FeI  -1.323225213e+02   2.246146207e+01   8.116200727e-02   2.547249156e+00  -8.988547401e-06   3.883393702e-03  4578  6403 -0.72  0.39  20.2  61.7 1.0001
    19   0.02363   356   4757.58   FeI  -7.143350754e+01  -2.808353001e+01   6.850017722e-02  -1.833985991e+00  -8.016698046e-06   1.250224991e-02  4578  6374 -0.84  0.35  26.0  74.6 0.9999
    20   0.02438   387   4799.41   FeI  -1.552810327e+02  -3.569793183e+01   8.893390994e-02  -4.295054148e+00  -9.673217652e-06   1.326404812e-02  4578  6403 -0.78  0.35  20.0  54.4 1.0000
    21   0.01990   374   4802.88   FeI  -9.155662866e+01  -3.492993260e+01   7.264875699e-02  -3.840073094e+00  -8.020116408e-06   1.323125381e-02  4556  6374 -0.84  0.33  22.5  75.0 1.0000
    22   0.02478   331   4808.15   FeI  -5.913287468e+01  -1.793190603e+01   5.758314932e-02   3.758886767e+00  -7.360394725e-06   1.015627489e-02  4556  6289 -0.68  0.39  20.2  51.5 0.9997
    23   0.01746   237   4809.94   FeI   1.114806260e+02   6.797693341e+01  -8.873452362e-03   1.471053126e+01  -1.221692371e-06  -5.566743936e-03  4556  6161 -0.56  0.39  20.0  47.0 1.0000
    24   0.02781   210   4811.05   FeI   5.310387347e+02   1.336441880e+02  -1.522486276e-01   1.884437139e+01   1.086624203e-05  -1.721460094e-02  4556  5917 -0.56  0.39  20.2  59.7 1.0003
    25   0.01794   215   4885.43   FeI   2.976435346e+01  -3.156872635e+01   3.592869358e-02  -9.299002846e+00  -4.989594395e-06   1.182520529e-02  4679  6403 -0.84  0.30  32.6  75.0 0.9999
    26   0.02708   385   4952.65   FeI  -3.127712326e+02  -2.875584131e+00   1.446362858e-01   4.439658772e+00  -1.399748342e-05   1.006759091e-02  4578  6374 -0.84  0.33  21.8  74.9 1.0002
    27   0.02358   340   4961.92   FeI   3.543935379e+02   8.169391750e+01  -8.764467831e-02   1.031665182e+01   5.359998768e-06  -6.613230434e-03  4647  6361 -0.70  0.39  20.1  66.2 1.0001
    28   0.03857    94   4967.90   FeI  -6.540744138e+02  -2.071933941e+02   2.630515291e-01  -1.694847161e+01  -2.356377560e-05   4.177196202e-02  4679  6374 -0.84  0.04  37.9  74.9 1.0050
    29   0.01820   249   4993.70   FeI   5.145329261e+02   1.030696558e+02  -1.158051490e-01   1.717867343e+01   6.339556333e-06  -5.782384808e-03  4989  6403 -0.84  0.30  20.5  74.4 0.9999
    30   0.03260   394   5054.65   FeI   1.340261263e+02   1.431698974e+00  -3.989402993e-03   1.244582553e+01  -2.133814919e-06   8.186786218e-03  4556  6403 -0.68  0.35  20.8  71.5 0.9997
    31   0.01442   156   5109.65   FeI   4.802793823e+02   3.256060661e+01  -1.157466094e-01   3.659376171e-01   7.849733117e-06   3.189133174e-03  4999  6374 -0.83  0.18  30.0  74.8 1.0000
    32   0.01893   358   5223.19   FeI   5.883154805e+01   2.439102791e+01   1.538571979e-02   4.939692646e+00  -3.538985024e-06   3.085435986e-03  4556  6361 -0.70  0.39  20.0  57.0 1.0001
    33   0.02348   158   5225.53   FeI   3.135686771e+01  -2.554271706e+01   5.535050342e-02  -1.776479685e+00  -8.344489081e-06   1.168022546e-02  5023  6403 -0.84  0.30  32.6  74.9 0.9999
    34   0.03240   364   5228.38   FeI  -1.691595457e+02  -3.751232765e+01   1.016939046e-01  -8.345323870e+00  -1.073165582e-05   1.446633620e-02  4578  6403 -0.84  0.33  27.3  75.0 0.9999
    35   0.01990   289   5243.78   FeI  -4.838093872e+01  -1.844598467e+01   6.173102787e-02  -2.324795399e+00  -7.367664182e-06   1.150554020e-02  4647  6374 -0.84  0.30  20.6  74.8 1.0001
    36   0.01848   186   5247.06   FeI   1.321606861e+02  -2.565712411e+01   2.116148769e-02  -2.134701446e+00  -5.615570178e-06   1.181486452e-02  5023  6361 -0.84  0.30  26.7  74.9 0.9999
    37   0.03675   194   5250.21   FeI  -2.068743843e+02   7.157283307e+00   1.409507137e-01   3.865152624e+00  -1.618223518e-05   6.932695937e-03  5009  6403 -0.84  0.30  26.3  74.7 1.0001
    38   0.03020   345   5288.53   FeI  -1.347524016e+02  -3.033168117e+01   8.870761729e-02  -3.575852742e+00  -9.580780603e-06   1.313646529e-02  4556  6374 -0.84  0.31  26.6  74.2 1.0002
    39   0.01751   355   5295.32   FeI  -1.179378744e+02   2.315132707e+01   7.142286915e-02   4.883777497e+00  -7.923361420e-06   3.454371591e-03  4578  6361 -0.56  0.39  20.2  53.6 1.0002
    40   0.02263   137   5376.83   FeI  -1.144734762e+02   2.713151590e+01   6.599635601e-02   1.654370444e+01  -7.582541093e-06   6.291847931e-04  4556  5914 -0.35  0.39  20.0  35.4 1.0000
    41   0.01588   334   5379.58   FeI  -7.200480113e+00  -1.588154462e+00   4.834470998e-02  -1.482704469e+00  -6.307733115e-06   8.373056905e-03  4624  6374 -0.84  0.33  20.8  74.9 1.0000
    42   0.02509   379   5386.34   FeI  -4.133562797e+00   1.323362328e+01   3.585093497e-02  -3.517345467e-01  -5.079561277e-06   5.199837336e-03  4578  6374 -0.72  0.35  20.0  58.1 1.0000
    43   0.02153   229   5395.22   FeI  -1.735067304e+02   5.967215008e+01   8.895695264e-02   2.075321779e+01  -9.589649181e-06  -4.265279708e-03  4556  6161 -0.38  0.39  20.1  48.4 1.0004
    44   0.03012   205   5398.28   FeI  -2.415328943e+02  -1.068005611e+02   1.248067406e-01  -8.674179473e+00  -1.221813072e-05   2.583036027e-02  4649  6374 -0.84  0.21  29.6  74.9 0.9987
    45   0.02604   375   5406.78   FeI   1.048037532e+02   2.615822845e+01  -6.546752500e-04   3.715218936e+00  -1.954118802e-06   3.123464219e-03  4647  6403 -0.78  0.39  20.1  66.7 1.0001
    46   0.02262   363   5417.04   FeI  -9.121346473e+01   3.168786453e+01   6.766265122e-02   1.222061482e+01  -7.924115585e-06   3.115839778e-03  4556  6361 -0.68  0.39  20.0  66.1 1.0004
    47   0.03810   211   5432.95   FeI   8.162413940e+01  -5.922161022e+01   7.809903775e-03  -4.981572847e+00  -1.710635970e-06   1.827928254e-02  4578  6374 -0.84  0.19  28.1  74.7 0.9991
    48   0.01514   399   5436.30   FeI  -9.556233272e+01   2.742257744e+01   7.104396680e-02   6.296647577e+00  -8.221241778e-06   3.753565722e-03  4578  6374 -0.78  0.39  21.1  66.8 1.0000
    49   0.02614   383   5436.59   FeI  -3.519260049e+01  -1.176080014e+01   6.364360909e-02   5.609920645e+00  -8.628128842e-06   1.091010065e-02  4556  6374 -0.78  0.39  20.7  73.9 0.9999
    50   0.02480   345   5441.34   FeI   3.332235031e+00   1.252475949e+02   3.524911533e-02   1.831976516e+01  -5.216553582e-06  -1.336677866e-02  4671  6374 -0.60  0.39  20.0  66.3 1.0002
    51   0.03326   305   5461.55   FeI   4.943439038e+02   8.377318463e+01  -1.402387768e-01   8.727770761e+00   1.023198688e-05  -7.196561858e-03  4723  6361 -0.62  0.39  20.1  69.3 1.0001
    52   0.01916   387   5464.28   FeI  -2.129557776e+02  -2.285494095e+01   1.090863438e-01  -1.937615134e+00  -1.134739052e-05   1.156618926e-02  4556  6374 -0.78  0.39  20.4  59.6 0.9999
    53   0.02610   369   5466.99   FeI  -8.944351083e+01   4.082069102e+01   6.821945494e-02   1.549032458e+01  -8.063649519e-06   1.694365254e-03  4578  6374 -0.72  0.39  20.2  67.2 1.0007
    54   0.03003   204   5473.17   FeI   3.299175374e+01   7.443156291e+01   1.203245836e-02   1.685739999e+01  -2.515969536e-06  -7.634728607e-03  4556  5973 -0.41  0.39  20.2  44.2 1.0002
    55   0.02296   301   5481.25   FeI  -1.328967179e+02   3.131828808e+01   1.023647977e-01  -2.019103751e-01  -1.194181694e-05   4.071152908e-03  4698  6287 -0.84  0.33  24.0  75.0 1.0000
    56   0.02292    97   5491.83   FeI  -3.000869540e+02   8.196432096e+01   1.320504272e-01   3.657666878e+01  -1.348977215e-05  -9.678613779e-03  4723  5914 -0.11  0.39  20.0  38.2 1.0003
    57   0.02324   384   5522.45   FeI   2.861239668e+01   9.285876030e+00   2.922562234e-02   2.291788641e+00  -4.600396575e-06   6.703360599e-03  4671  6374 -0.78  0.39  20.1  71.1 1.0000
    58   0.03539   360   5538.52   FeI   3.771348724e+01   3.565379313e-01   2.561485599e-02   1.712992570e+00  -4.422794983e-06   7.890589827e-03  4624  6403 -0.72  0.39  20.5  66.0 1.0001
    59   0.02934   370   5546.51   FeI   2.279671871e+02   2.684217709e+01  -3.851252299e-02   8.539223857e-01   1.358231408e-06   3.511745752e-03  4730  6374 -0.84  0.35  20.7  74.2 1.0000
    60   0.02467   384   5553.58   FeI   1.294755127e+02   2.011452627e+01  -7.179331684e-03  -2.187576582e+00  -1.417759541e-06   4.183310880e-03  4578  6361 -0.78  0.39  21.2  69.5 1.0000
    61   0.01957   389   5560.22   FeI  -1.011211869e+02  -1.201637957e+00   7.553839470e-02  -3.020450676e+00  -8.478574561e-06   8.282018965e-03  4671  6374 -0.84  0.35  20.9  73.4 1.0000
    62   0.02328   373   5587.58   FeI  -2.719888268e+02  -2.587148443e+01   1.295101630e-01   3.829897400e+00  -1.320594614e-05   1.214365550e-02  4624  6374 -0.78  0.39  20.6  58.1 0.9999
    63   0.02422   397   5618.64   FeI  -9.415383036e+01   6.043106118e+00   7.345132408e-02  -3.180938326e+00  -8.369285066e-06   6.800152638e-03  4556  6374 -0.84  0.39  20.9  75.0 1.0000
    64   0.02445   355   5619.60   FeI   1.378647253e+02   7.949455988e+01  -1.050314406e-02   1.627139762e+01  -1.275971602e-06  -5.065662718e-03  4556  6374 -0.56  0.39  20.6  68.3 1.0006
    65   0.02315   381   5635.83   FeI  -5.764668934e+01   2.943485204e+01   5.610317321e-02   4.510036018e-01  -6.945597238e-06   2.472268626e-03  4578  6374 -0.70  0.39  20.1  60.0 1.0000
    66   0.01934   242   5636.70   FeI  -2.438947161e+02   9.714467864e+00   1.189426765e-01   5.799426225e+00  -1.270910150e-05   4.970316912e-03  4556  6161 -0.43  0.39  20.0  43.6 1.0003
    67   0.01187   132   5638.27   FeI   1.675966802e+02   5.738667337e+00  -5.661165215e-03  -9.538349903e-01  -1.720733418e-06   7.890162924e-03  4879  6374 -0.83  0.18  32.3  74.9 1.0000
    68   0.01669   257   5641.44   FeI  -2.810432956e+01   3.885486652e+01   6.422077655e-02   5.051080665e-01  -8.293150677e-06   3.286986482e-03  4578  6374 -0.84  0.30  28.2  75.0 1.0000
    69   0.02178   361   5649.99   FeI  -8.049290553e+00   6.051001530e+01   3.329385042e-02   1.013639633e+01  -4.439985905e-06  -2.450825269e-03  4785  6374 -0.60  0.39  20.1  67.8 0.9999
    70   0.01878   216   5651.47   FeI  -7.249062179e+01   4.275034796e+01   5.218597015e-02   8.844685939e+00  -6.298286645e-06  -1.048606040e-03  4578  6161 -0.41  0.39  20.0  43.0 1.0000
    71   0.03955   339   5652.32   FeI  -1.100165385e+01   9.627778611e+01   3.322786709e-02   2.182180260e+01  -4.610445310e-06  -1.016744942e-02  4556  6361 -0.62  0.39  20.1  52.5 1.0005
    72   0.02553   272   5661.35   FeI  -3.619553752e+00   1.123555305e+02   3.146062892e-02   2.312882977e+01  -4.636973683e-06  -1.279994824e-02  4556  6287 -0.54  0.39  20.0  52.7 1.0001
    73   0.02917   340   5667.52   FeI  -5.021894304e+01   3.480339345e+01   6.548833593e-02   8.794157774e+00  -8.263213088e-06   4.560145023e-03  4556  6374 -0.84  0.33  20.5  74.8 1.0004
    74   0.01745   315   5679.03   FeI   1.396193027e+02   1.970983790e+01  -3.645079674e-03  -4.596342470e+00  -1.764767103e-06   5.075225762e-03  4749  6374 -0.84  0.33  26.3  74.9 1.0000
    75   0.01722   181   5715.09   FeI   1.853176895e+02   2.684199339e+01  -7.340780692e-03   4.649736229e+00  -2.122615621e-06   5.454637085e-03  4649  6403 -0.83  0.21  24.5  74.9 1.0000
    76   0.01607   350   5731.77   FeI   5.208444102e+01   7.093339189e+00   2.631495726e-02  -1.335748678e+00  -4.374756131e-06   7.271544125e-03  4649  6403 -0.84  0.33  25.5  75.0 1.0000
    77   0.02477   123   5738.24   FeI  -1.048291882e+02   1.380153174e+02   6.457699212e-02   2.746388380e+01  -7.640746477e-06  -1.874293999e-02  4556  5914 -0.20  0.39  20.2  44.6 1.0003
    78   0.01990   362   5741.85   FeI  -2.091931066e+01   4.235437126e+01   4.232912894e-02   6.321859310e+00  -5.724830349e-06   3.309020989e-04  4578  6361 -0.70  0.39  20.0  60.0 1.0001
    79   0.02150   378   5752.04   FeI  -8.797863653e+01  -1.294951078e+01   7.141274552e-02  -2.124371713e+00  -8.080350804e-06   1.064502472e-02  4730  6374 -0.84  0.35  23.0  74.3 1.0000
    80   0.01790   327   5775.08   FeI  -2.883666672e+01  -2.385072214e+00   5.526490829e-02  -2.219934137e+00  -6.922668169e-06   8.942121318e-03  4728  6374 -0.84  0.33  26.1  74.9 1.0000
    81   0.01795   287   5778.46   FeI   1.890016790e+01   4.506434198e+01   3.776413614e-02   7.088478254e+00  -6.442111237e-06  -2.017116219e-04  4556  6161 -0.70  0.39  20.0  61.4 1.0001
    82   0.03017   387   5793.92   FeI   5.059835777e+01   5.855664121e+01   1.629064706e-02  -2.569758796e-01  -3.303057385e-06  -3.113602643e-03  4649  6374 -0.72  0.39  20.1  60.9 1.0000
    83   0.03099   371   5806.73   FeI  -2.199835420e+02   2.733148657e+01   1.205833044e-01   1.303980431e+00  -1.263199161e-05   4.599360535e-03  4578  6374 -0.84  0.34  21.1  74.9 1.0001
    84   0.03159   356   5809.22   FeI   2.561484590e+02   1.174208853e+02  -3.839114282e-02   7.786867169e+00   4.498007659e-07  -1.100779139e-02  4578  6374 -0.84  0.35  20.1  74.8 0.9999
    85   0.01431   271   5814.81   FeI  -5.541288581e+01   5.902751499e+01   4.968241700e-02   1.129360000e+01  -6.252710810e-06  -3.344955349e-03  4556  6227 -0.54  0.39  20.1  49.4 1.0001
    86   0.02870    99   5827.88   FeI   2.483786819e+02   1.757469178e+02  -6.768558924e-02   2.118674624e+01   4.691364506e-06  -2.743503891e-02  4595  5886 -0.32  0.39  20.2  43.9 0.9995
    87   0.02082   381   5852.22   FeI   5.740163020e+01   6.227526251e+01   1.906937598e-02   5.890457986e+00  -3.793937772e-06  -2.186319050e-03  4624  6403 -0.78  0.39  21.5  68.5 1.0000
    88   0.01549   266   5855.08   FeI  -1.581138871e+02   4.553869134e+01   8.292114256e-02   1.032292029e+01  -8.931017396e-06  -1.119725555e-03  4578  6227 -0.38  0.39  20.1  45.5 1.0001
    89   0.01706   386   5856.09   FeI  -1.140550480e+02   2.987581299e+01   7.358846452e-02   6.299170452e+00  -8.301558987e-06   2.511060459e-03  4624  6403 -0.70  0.39  20.0  60.6 1.0001
    90   0.03529    95   5902.48   FeI  -2.580386345e+02   4.483422251e+01   1.137649714e-01   2.863161876e+01  -1.149632508e-05  -4.065987896e-03  4723  5914 -0.07  0.39  20.2  35.1 1.0013
    91   0.03197   319   5916.26   FeI   1.394913664e+02  -8.025896487e+00   5.336475131e-03  -4.552835124e+00  -3.449570866e-06   9.420061376e-03  4649  6374 -0.84  0.33  21.9  74.9 1.0000
    92   0.02983   383   5927.79   FeI  -8.166476237e+01  -7.428007189e+00   6.483576612e-02  -2.926170926e+00  -7.472181480e-06   9.326111337e-03  4578  6403 -0.78  0.39  20.1  68.2 1.0001
    93   0.03306   393   5929.68   FeI  -6.996331859e+01  -5.743668787e-02   5.875445534e-02  -6.092895922e+00  -6.872714654e-06   7.402042804e-03  4649  6403 -0.78  0.39  21.0  63.7 1.0003
    94   0.02173   136   5934.66   FeI   9.080546005e+01  -1.921536281e+01   2.423107374e-02  -4.132032971e+00  -4.643507909e-06   1.236347820e-02  5023  6374 -0.84  0.21  28.2  74.4 1.0000
    95   0.02270   292   5956.70   FeI   1.978800330e+02   7.237720314e+00  -4.371034368e-03   3.303946890e+00  -3.623614623e-06   6.957679606e-03  4820  6403 -0.84  0.35  20.7  75.0 1.0001
    96   0.01935   305   6027.06   FeI  -3.348218408e+01  -1.737517599e+01   5.513294283e-02  -1.116347341e+00  -6.600170655e-06   1.109944577e-02  4671  6374 -0.84  0.30  24.1  74.9 1.0002
    97   0.02295   190   6056.01   FeI  -1.433535819e+02  -5.096650792e+01   9.439158621e-02  -3.554031604e+00  -9.882233016e-06   1.736977795e-02  4578  6374 -0.84  0.21  27.7  74.6 0.9998
    98   0.01649   142   6078.49   FeI   2.757860859e+02   6.500443555e+01  -4.064734199e-02   3.099816861e+00   1.085065649e-06  -1.103364228e-03  4879  6374 -0.84  0.18  29.2  75.0 1.0000
    99   0.01964   390   6079.01   FeI  -7.753065960e+01   3.214734330e+01   6.533389942e-02   9.777975294e-01  -7.603407193e-06   2.745468809e-03  4671  6403 -0.78  0.39  20.2  72.6 1.0000
   100   0.01707   374   6082.72   FeI   1.050284838e+02   4.141095987e+01   1.286079661e-02   5.201128493e+00  -4.321202981e-06   7.475167979e-04  4624  6361 -0.84  0.39  20.4  70.8 1.0000
   101   0.03325   375   6089.57   FeI  -4.388001865e+01   2.995762227e+01   5.057756927e-02   7.215737697e+00  -6.371477292e-06   2.512322662e-03  4556  6361 -0.72  0.39  20.2  61.7 1.0003
   102   0.02000   220   6094.38   FeI  -3.241636977e+02   3.545650004e-01   1.430565339e-01   7.829323380e+00  -1.445493111e-05   7.125447071e-03  4556  6161 -0.28  0.39  20.0  43.5 1.0001
   103   0.01738   375   6096.67   FeI   3.028219478e+01   6.386088269e+01   3.210472300e-02   3.027561290e+00  -5.310182445e-06  -2.433575255e-03  4671  6361 -0.70  0.39  20.2  67.7 1.0000
   104   0.02614   165   6098.25   FeI  -1.721597289e+02   4.669182356e+01   8.481656526e-02   2.465279779e+01  -9.017658104e-06  -3.001027938e-03  4556  6161 -0.25  0.39  20.1  40.5 0.9998
   105   0.01686   358   6151.62   FeI   8.572052255e+01   2.699265845e+00   2.460349763e-02   9.152070717e-01  -5.320759104e-06   7.643038598e-03  4578  6374 -0.84  0.35  20.0  75.0 1.0000
   106   0.03105   325   6157.73   FeI  -6.641125729e+01  -2.479566705e+01   6.653188150e-02  -8.755603297e+00  -7.681642556e-06   1.155417886e-02  4578  6374 -0.84  0.35  21.5  74.8 1.0001
   107   0.03600   389   6165.36   FeI  -1.978061632e+02  -3.318821723e+01   1.045771845e-01  -3.579828627e+00  -1.080654123e-05   1.339814339e-02  4556  6374 -0.84  0.39  20.0  66.5 1.0005
   108   0.01464   192   6173.34   FeI   2.764562569e+02   2.455817714e+00  -3.815081799e-02  -1.829132482e+00   3.782369843e-07   7.731471297e-03  4879  6361 -0.83  0.30  26.2  75.0 1.0000
   109   0.01583   369   6187.99   FeI   1.513122303e+02   6.427749612e+01  -4.206799936e-03   3.402350870e+00  -2.371952418e-06  -1.913317001e-03  4750  6403 -0.84  0.35  20.3  75.0 1.0000
   110   0.01540   159   6200.32   FeI   2.514911079e+02  -1.201781180e+01  -2.843157374e-02  -2.717787629e+00  -4.262922779e-07   1.050947195e-02  4900  6361 -0.83  0.21  28.9  74.8 1.0000
   111   0.01960   239   6220.79   FeI   9.945728108e+01   8.620891256e+01  -2.926377497e-03   1.944166743e+01  -1.916052671e-06  -8.335774548e-03  4556  6161 -0.56  0.39  20.1  52.9 0.9996
   112   0.01805   336   6226.74   FeI  -4.656147437e+01   6.610770247e+01   5.308232221e-02   1.104850669e+01  -6.895228229e-06  -3.410204918e-03  4624  6276 -0.56  0.39  20.2  61.0 1.0001
   113   0.01922   375   6229.24   FeI  -1.654816181e+00   6.563514040e+00   4.449437006e-02   5.706039392e+00  -6.466568068e-06   7.752668314e-03  4556  6374 -0.72  0.39  21.0  69.2 1.0002
   114   0.03835   322   6238.39  FeII  -3.487379713e+02  -3.508763749e+01   1.158399816e-01   1.461621647e+01  -8.241029286e-06   1.371133837e-02  4831  6361 -0.67  0.39  20.0  70.8 1.0004
   115   0.01622   360   6240.65   FeI   6.371723362e+01   3.407188455e+00   3.232056423e-02   1.895047099e+00  -6.022412932e-06   7.794286579e-03  4624  6403 -0.78  0.35  21.2  74.7 1.0000
   116   0.01557   375   6270.23   FeI   2.414977656e+01   1.397749100e+01   4.271616716e-02   2.570906631e+00  -6.554408306e-06   5.993481699e-03  4624  6374 -0.84  0.35  21.3  75.0 1.0001
   117   0.02803   391   6315.81   FeI  -1.178813557e+02   1.939485286e+01   7.977369518e-02   3.463161876e+00  -9.014353379e-06   4.853021038e-03  4578  6403 -0.70  0.35  20.5  70.0 1.0001
   118   0.01705   140   6322.69   FeI   1.652368236e+02  -8.515141149e+00   1.986349941e-03  -3.436925763e+00  -3.021743677e-06   9.911164949e-03  5023  6374 -0.84  0.19  30.3  74.7 1.0000
   119   0.00999    94   6358.68   FeI   1.589284791e+02   4.305772307e+01   3.145902208e-02   2.036802357e+00  -7.673633611e-06   4.734466416e-03  5417  6374 -0.78  0.21  38.4  74.9 1.0000
   120   0.03595   397   6380.75   FeI  -2.942006506e+02  -2.096842095e+01   1.425640476e-01  -5.315880730e+00  -1.428701480e-05   1.143539126e-02  4556  6374 -0.84  0.35  21.3  72.5 1.0005
   121   0.01788   240   6392.54   FeI  -1.515167385e+02   1.360629251e+01   9.764661752e-02   3.821119522e+00  -1.188199123e-05   4.910361901e-03  4578  5989 -0.72  0.39  20.0  52.8 1.0001
   122   0.02449   233   6481.88   FeI  -2.832357245e+01  -4.473160992e+01   6.769352500e-02   2.801078667e-01  -8.945897216e-06   1.604380956e-02  4649  6403 -0.83  0.30  21.6  75.0 1.0002
   123   0.02684   331   6498.94   FeI   2.621228922e+02  -2.800638192e+01  -3.054422716e-02  -7.395305369e+00  -1.191503340e-06   1.237064878e-02  4649  6374 -0.84  0.39  21.2  74.9 1.0000
   124   0.02091   247   6608.03   FeI  -1.104336901e+02   3.988432127e+01   8.333017116e-02   5.617104310e+00  -1.062246741e-05   1.996067168e-04  4578  5989 -0.72  0.39  20.1  54.0 1.0000
   125   0.01508   219   6609.12   FeI   1.566308377e+02   1.759315097e+01   4.807981272e-03   4.456336532e+00  -3.536212848e-06   6.484924514e-03  4649  6374 -0.84  0.30  21.9  75.0 1.0000
   126   0.02305   229   6625.02   FeI   1.285453168e+02   6.232202075e+01   6.883059976e-03   8.232599259e+00  -4.658177312e-06  -3.700703617e-03  4556  5914 -0.72  0.39  20.0  57.5 1.0002
   127   0.01835   326   6627.55   FeI  -1.703064117e+02   8.828921345e+01   9.357938058e-02   1.549777106e+01  -1.023249715e-05  -7.453196520e-03  4578  6260 -0.50  0.39  20.1  61.2 1.0001
   128   0.01644   380   6703.57   FeI   2.266913990e+01   2.444815069e+01   3.990218858e-02   3.450339570e+00  -6.453370238e-06   4.009627728e-03  4556  6361 -0.78  0.39  20.4  70.1 1.0000
   129   0.01774   390   6705.11   FeI  -8.592465573e+01   5.960395881e+01   7.263408574e-02   6.212823209e+00  -8.585050130e-06  -1.000388040e-03  4556  6361 -0.78  0.35  20.1  74.7 1.0000
   130   0.02178   229   6710.32   FeI   7.043055857e+01   7.075301067e+01   2.311167500e-02   1.056550787e+01  -5.681761976e-06  -4.916260842e-03  4556  5917 -0.72  0.39  20.1  56.7 1.0001
   131   0.02137   292   6713.05   FeI  -2.096666063e+02   6.184032515e+01   1.047878157e-01   9.105908948e+00  -1.111139095e-05  -3.765721611e-03  4671  6161 -0.41  0.39  20.1  50.3 0.9999
   132   0.01742   236   6713.74   FeI  -2.249997589e+02   3.797025296e+01   1.056336584e-01   1.325043085e+01  -1.090129603e-05  -3.996866231e-05  4647  6161 -0.32  0.39  20.0  43.2 0.9999
   133   0.01883   193   6725.36   FeI  -2.724459216e+02   3.980319378e+01   1.287201827e-01   7.781114903e+00  -1.361755205e-05   9.815520331e-05  4698  5989 -0.26  0.39  20.2  43.8 1.0000
   134   0.01985   382   6726.67   FeI  -1.288829218e+01   4.784514286e+01   4.599307301e-02   2.696171076e+00  -6.150835181e-06   5.168886635e-04  4671  6403 -0.78  0.39  20.2  74.3 1.0000
   135   0.01680   311   6733.15   FeI  -2.181584077e+02   4.475993988e+01   1.087991892e-01   7.912908559e+00  -1.147982961e-05   2.803641912e-05  4624  6227 -0.45  0.39  20.3  53.3 1.0000
   136   0.01937   172   6739.52   FeI   2.369839023e+01   6.135851031e+01   3.417416871e-02   9.389403713e+00  -6.356253204e-06  -4.288382389e-03  4556  5827 -0.72  0.39  20.1  50.0 1.0001
   137   0.02094   306   6786.86   FeI  -1.149583451e+02   5.132466489e+01   7.363712679e-02   8.125752544e+00  -8.510725185e-06  -1.370126165e-03  4556  6276 -0.54  0.39  20.0  51.3 0.9999
   138   0.02383   110   6793.26   FeI   4.719123692e+01   2.173163754e+02   5.951190994e-04   5.214122141e+01  -1.031610632e-06  -3.674557259e-02  4647  5914 -0.20  0.39  20.2  43.5 1.0055
   139   0.02675   359   6806.85   FeI  -4.386973374e+01   4.315934678e+01   6.487591808e-02   4.864945847e+00  -8.845486184e-06   9.710368832e-04  4556  6361 -0.78  0.35  20.5  68.1 1.0001
   140   0.02087   376   6810.27   FeI  -4.150264204e+01   3.645869286e+01   5.659139026e-02   1.603480768e+00  -7.038047559e-06   2.639833935e-03  4595  6374 -0.84  0.35  20.4  72.4 1.0000
   141   0.01588   377   6820.37   FeI  -2.306397090e+01   5.391568655e+01   4.775011572e-02   7.352266501e+00  -6.336085272e-06  -3.262559594e-04  4649  6374 -0.78  0.35  21.7  73.8 1.0000
   142   0.02725   367   6828.60   FeI  -1.282163819e+02   1.417593410e+01   8.794128540e-02   1.753659483e+00  -9.707059539e-06   6.572305529e-03  4556  6403 -0.84  0.33  22.6  74.9 1.0001
   143   0.02447   174   6837.01   FeI  -1.395289586e+02   3.806370723e+01   7.097831327e-02   1.724282454e+01  -7.564327315e-06  -1.264679906e-03  4556  6161 -0.22  0.39  20.0  39.0 1.0003
   144   0.02809   345   6839.84   FeI   2.071718424e+02   1.070535290e+02  -2.714151983e-02   1.279402107e+01  -5.972851513e-07  -1.089575504e-02  4556  6287 -0.78  0.39  20.0  69.1 1.0001
   145   0.01935   384   6842.69   FeI  -7.706964731e+01   6.389764853e+01   6.449507970e-02   2.872759530e+00  -7.683671422e-06  -2.778392581e-03  4671  6289 -0.70  0.35  20.6  66.5 1.0000
   146   0.02497   328   6843.66   FeI  -2.221842768e+02   3.111657929e-01   1.244355310e-01  -1.969189584e+00  -1.304681482e-05   9.038182989e-03  4595  6374 -0.84  0.33  26.2  74.9 1.0001
   147   0.03277   205   6855.72   FeI   1.443364083e+02   2.005187384e+02  -3.123534932e-02   5.407095764e+01   1.690618145e-06  -3.082321217e-02  4595  6161 -0.25  0.39  20.0  51.9 1.0032
   148   0.01671   272   6857.25   FeI  -1.797441038e+02   1.674626227e+01   9.315429003e-02   8.258636804e+00  -1.005176221e-05   4.228238701e-03  4556  6227 -0.52  0.39  20.0  46.9 1.0000
   149   0.02780   379   6858.15   FeI  -1.406928287e+02   6.899871712e+00   9.053706625e-02  -6.241936851e-01  -9.877508658e-06   7.620696994e-03  4556  6374 -0.84  0.35  20.1  74.5 1.0001
   150   0.02463   244   6861.94   FeI   2.666757445e+02   9.333227021e+01  -5.125650971e-02   2.030243117e+01   1.417520905e-06  -8.969055185e-03  4578  6026 -0.72  0.39  20.0  62.8 1.0000
   151   0.02633   340   6862.50   FeI  -2.832878119e+02   2.371346368e+01   1.329557604e-01   7.601604982e+00  -1.359215944e-05   3.926171861e-03  4556  6361 -0.54  0.39  20.2  56.6 1.0001
