nl	stddev	nstars	line	ele	c0	c1	c2	c3	c4	teffa	teffb	feha	fehb	ewa	ewb	slope
1	 0.0157624824009	 381	 4523.40	 FeI	 -6.172150e+01	 -1.435256e+01	 6.349977e-02	 -3.882974e-01	 -7.813565e-06	 1.066548e-02	 4483	 6403	 -0.78	 0.39	 20.1	 69.6	 1.0000740938
2	 0.0214670871164	 220	 4537.67	 FeI	 5.801482e+01	 7.060713e+01	 1.106932e-02	 1.297376e+01	 -3.140715e-06	 -6.291676e-03	 4483	 6026	 -0.61	 0.39	 20.0	 49.0	 0.999962627489
3	 0.0175468722072	 322	 4551.65	 FeI	 -1.689924e+02	 1.132857e+00	 9.248173e-02	 1.948314e+00	 -1.011089e-05	 7.157060e-03	 4550	 6287	 -0.59	 0.39	 20.0	 50.9	 1.00020212391
4	 0.0306820514131	 339	 4554.46	 FeI	 6.722577e+02	 9.196940e+01	 -1.794558e-01	 -2.318397e+00	 1.208074e-05	 -8.506930e-03	 4595	 6403	 -0.72	 0.39	 20.5	 74.9	 1.00014456743
5	 0.0503849695398	 314	 4556.93	 FeI	 1.032906e+02	 5.015452e+01	 1.611273e-03	 1.890566e+00	 -2.559152e-06	 -1.357154e-03	 4483	 6289	 -0.72	 0.39	 20.0	 62.7	 1.00021874679
6	 0.0360784672211	 365	 4561.41	 FeI	 -8.972106e+01	 7.076603e+01	 6.932763e-02	 9.381819e+00	 -8.172428e-06	 -3.321897e-03	 4497	 6374	 -0.72	 0.39	 20.5	 68.4	 1.00005686754
7	 0.0169035289427	 395	 4566.52	 FeI	 -7.991719e+01	 1.451450e+01	 7.206785e-02	 5.557580e+00	 -8.684693e-06	 5.973005e-03	 4550	 6374	 -0.78	 0.39	 20.3	 74.7	 1.0001254662
8	 0.0393901358697	 399	 4574.22	 FeI	 -6.647817e+01	 8.569065e+01	 7.229191e-02	 8.209843e+00	 -9.295335e-06	 -6.168983e-03	 4483	 6361	 -0.84	 0.39	 20.2	 72.2	 1.00004015632
9	 0.0368211821241	 339	 4574.72	 FeI	 -1.858557e+02	 -6.289553e+01	 1.157372e-01	 -6.123940e+00	 -1.277823e-05	 1.783655e-02	 4630	 6374	 -0.84	 0.35	 27.2	 74.9	 1.00008407005
10	 0.0317742977289	 327	 4579.33	 FeI	 -1.217474e+02	 1.150835e+00	 8.222370e-02	 1.994962e+00	 -9.760990e-06	 7.182383e-03	 4483	 6276	 -0.72	 0.39	 20.0	 58.9	 1.0001933362
11	 0.0212134832214	 346	 4593.53	 FeI	 -2.482796e+02	 1.321693e+01	 1.226671e-01	 9.115161e+00	 -1.292363e-05	 5.432310e-03	 4483	 6287	 -0.59	 0.39	 20.2	 54.2	 1.00003325381
12	 0.0193127673337	 380	 4596.41	 FeI	 -1.692864e+02	 1.516906e+01	 9.817245e-02	 8.973937e+00	 -1.093541e-05	 5.641437e-03	 4483	 6289	 -0.72	 0.39	 20.1	 60.6	 1.0003542664
13	 0.0303907158084	 160	 4602.00	 FeI	 7.376636e+01	 -1.035592e+02	 2.174476e-02	 -1.370788e+01	 -3.837584e-06	 2.349044e-02	 5044	 6361	 -0.84	 0.3	 48.7	 74.8	 1.00037786138
14	 0.0229506895921	 48	 4631.49	 FeI	 -3.179605e+02	 -4.897964e+01	 1.405032e-01	 5.848292e+00	 -1.457138e-05	 1.449881e-02	 4550	 5711	 -0.01	 0.39	 20.1	 28.8	 1.0007842022
15	 0.0220864923956	 380	 4635.85	 FeI	 -1.168212e+02	 -5.384400e+01	 8.460411e-02	 -7.367726e+00	 -9.483175e-06	 1.617369e-02	 4550	 6374	 -0.84	 0.39	 27.2	 75.0	 1.00001100474
16	 0.0197823850731	 392	 4661.54	 FeI	 -1.041831e+02	 4.637939e+00	 7.228857e-02	 1.716982e+00	 -8.278626e-06	 6.872863e-03	 4483	 6287	 -0.78	 0.39	 20.5	 60.3	 0.999894976951
17	 0.0373174943101	 381	 4690.14	 FeI	 -4.602944e+01	 -3.109402e+01	 5.630125e-02	 2.191910e+00	 -6.680697e-06	 1.292198e-02	 4483	 6403	 -0.84	 0.35	 29.5	 74.7	 0.999722340573
18	 0.0306155668214	 369	 4749.95	 FeI	 -1.975479e+02	 -7.472447e+00	 1.039219e-01	 1.160455e+00	 -1.097418e-05	 9.170960e-03	 4497	 6403	 -0.72	 0.39	 20.2	 61.7	 1.00014087028
19	 0.025993044918	 357	 4757.58	 FeI	 -1.414288e+02	 -4.380620e+01	 9.282513e-02	 -3.691081e+00	 -1.012456e-05	 1.519873e-02	 4497	 6374	 -0.84	 0.35	 28.9	 74.6	 0.999506165069
20	 0.0175751543553	 26	 4772.82	 FeI	 -3.403139e+02	 -2.482011e+02	 1.690823e-01	 -4.304080e+01	 -1.648262e-05	 4.607907e-02	 5215	 6374	 -0.84	 0.04	 52.8	 74.4	 1.00017802935
21	 0.0386700696338	 260	 4788.76	 FeI	 -3.152014e+02	 -1.184511e+02	 1.523474e-01	 -9.896018e+00	 -1.490308e-05	 2.744005e-02	 4650	 6374	 -0.84	 0.3	 42.3	 75.0	 0.999086553724
22	 0.0258879570455	 391	 4802.88	 FeI	 -1.282233e+02	 -4.474942e+01	 8.501029e-02	 -4.037413e+00	 -9.059065e-06	 1.493001e-02	 4483	 6374	 -0.84	 0.33	 35.5	 75.0	 1.00045272878
23	 0.0119946405661	 16	 4924.77	 FeI	 -1.213252e+02	 -1.190843e+02	 8.860576e-02	 -5.457576e+00	 -8.999401e-06	 2.709509e-02	 5215	 6178	 -0.84	 -0.2	 52.5	 74.7	 1.00019603106
24	 0.0153023069517	 12	 4946.39	 FeI	 -1.081580e+03	 -3.253356e+02	 4.090075e-01	 1.167856e+01	 -3.529057e-05	 6.761371e-02	 5417	 6178	 -0.83	 -0.32	 52.9	 74.8	 1.00445187673
25	 0.019703996199	 265	 4993.70	 FeI	 5.972416e+02	 1.033218e+02	 -1.438886e-01	 1.630098e+01	 8.720937e-06	 -5.855358e-03	 4871	 6403	 -0.84	 0.3	 20.5	 74.7	 1.00031898774
26	 0.0438571742228	 140	 5044.22	 FeI	 8.539622e+01	 -9.187675e+01	 2.056839e-02	 -1.089095e+01	 -3.980781e-06	 2.195675e-02	 5205	 6374	 -0.84	 0.28	 43.9	 74.9	 1.00015002353
27	 1.60901329078e-11	 3	 5049.82	 FeI	 -2.463938e-04	 5.330321e-05	 -5.764876e-01	 1.659793e-04	 1.277243e-04	 2.135469e-02	 4665	 4700	 -0.47	 -0.29	 53.4	 73.6	 0.99999999988
28	 0.017071993118	 157	 5109.65	 FeI	 4.365545e+02	 1.436707e+01	 -1.016072e-01	 -2.632962e+00	 6.709188e-06	 6.099104e-03	 4956	 6374	 -0.84	 0.18	 44.6	 74.8	 0.999955986706
29	 4.52361546768e-08	 5	 5127.36	 FeI	 -7.567269e+02	 1.491471e+03	 4.989412e-01	 3.073365e+02	 -5.675321e-05	 -1.809438e-01	 5765	 6178	 -0.67	 -0.32	 68.1	 73.0	 1.00000031414
30	 0.0308719020438	 42	 5141.74	 FeI	 -1.513530e+02	 -3.052801e+02	 8.760436e-02	 -3.529492e+01	 -8.314488e-06	 5.457739e-02	 5215	 6218	 -0.84	 0.0	 53.2	 74.4	 1.00080850982
31	 0.0232321012438	 155	 5225.53	 FeI	 9.769965e+00	 -2.783189e+01	 6.266808e-02	 -2.234787e+00	 -8.963757e-06	 1.205228e-02	 5205	 6403	 -0.84	 0.3	 42.5	 74.9	 0.999950371723
32	 0.015845855416	 49	 5242.50	 FeI	 -5.796352e+01	 -9.690292e+01	 6.264944e-02	 -1.723637e+01	 -6.618008e-06	 2.163736e-02	 5044	 6374	 -0.84	 0.04	 56.7	 74.9	 1.00029399818
33	 0.0331422770996	 303	 5243.78	 FeI	 -1.376580e+02	 -7.798522e+01	 9.192895e-02	 -8.955434e+00	 -9.913934e-06	 2.168508e-02	 4483	 6374	 -0.84	 0.3	 33.5	 74.8	 0.999055355806
34	 0.0189688526962	 184	 5247.06	 FeI	 6.432123e+01	 -3.841494e+01	 4.449910e-02	 -2.460067e+00	 -7.621641e-06	 1.399328e-02	 5044	 6374	 -0.84	 0.3	 36.7	 74.9	 0.99985250306
35	 0.0364905802394	 194	 5250.21	 FeI	 -3.609679e+01	 3.379124e+01	 8.327379e-02	 5.180045e+00	 -1.131698e-05	 2.449790e-03	 5044	 6403	 -0.84	 0.3	 32.8	 74.7	 1.00013968381
36	 0.0187721550221	 338	 5379.58	 FeI	 -1.013076e+02	 -2.980194e+01	 8.095485e-02	 -3.504412e+00	 -9.127096e-06	 1.322116e-02	 4575	 6403	 -0.84	 0.33	 33.5	 74.9	 1.00009705496
37	 0.0531435289592	 611	 5406.78	 FeI	 3.350420e+02	 5.943345e+01	 -7.814043e-02	 -1.603148e+00	 4.560585e-06	 -2.625325e-03	 4483	 6403	 -0.78	 0.39	 20.1	 72.3	 0.999926956134
38	 0.0583278866787	 378	 5409.14	 FeI	 -3.624881e+02	 -7.080896e+01	 1.661079e-01	 -3.602770e+00	 -1.619911e-05	 2.122637e-02	 4497	 6403	 -0.84	 0.33	 22.3	 75.0	 0.998438832183
39	 0.0599698897475	 602	 5417.04	 FeI	 2.212712e+02	 1.435484e+02	 -3.672995e-02	 1.172641e+01	 7.860923e-07	 -1.641530e-02	 4590	 6374	 -0.75	 0.39	 20.0	 72.8	 1.00180071907
40	 0.0311792057748	 409	 5436.59	 FeI	 -1.275281e+02	 -3.174586e+01	 9.566058e-02	 4.004233e+00	 -1.139392e-05	 1.442455e-02	 4483	 6374	 -0.84	 0.39	 20.7	 74.5	 0.999634175968
41	 0.0340794591643	 541	 5461.55	 FeI	 4.336203e+02	 7.725820e+01	 -1.175485e-01	 6.086802e+00	 8.130658e-06	 -5.881824e-03	 4595	 6361	 -0.59	 0.39	 20.1	 69.3	 0.999947795133
42	 0.0286755963672	 310	 5481.25	 FeI	 -1.870780e+02	 -1.225128e+01	 1.204315e-01	 -3.673387e+00	 -1.344232e-05	 1.147560e-02	 4640	 6374	 -0.84	 0.33	 24.0	 75.0	 0.999909172403
43	 0.0574252973478	 586	 5522.45	 FeI	 2.899674e+02	 3.056325e+01	 -6.025760e-02	 -2.700736e+00	 3.056205e-06	 2.979301e-03	 4483	 6403	 -0.78	 0.39	 20.1	 74.7	 0.999851019427
44	 0.0453748621657	 607	 5538.52	 FeI	 3.560733e+02	 5.188483e+01	 -8.327290e-02	 -5.856639e+00	 4.883374e-06	 -1.284521e-03	 4590	 6403	 -0.75	 0.39	 20.5	 74.6	 0.999981127761
45	 0.05256817777	 497	 5547.00	 FeI	 1.011787e+03	 2.187640e+02	 -3.110312e-01	 2.101298e+01	 2.433712e-05	 -2.939536e-02	 4497	 6403	 -0.78	 0.39	 20.1	 74.6	 1.0006739206
46	 0.0342798928757	 592	 5553.58	 FeI	 1.397087e+01	 -9.252053e+00	 3.378238e-02	 -5.722031e+00	 -5.038506e-06	 9.294836e-03	 4497	 6361	 -0.78	 0.39	 21.2	 69.5	 0.999886279369
47	 0.0520658836305	 304	 5567.40	 FeI	 -1.351711e+02	 -8.444977e+01	 9.149247e-02	 -7.711726e+00	 -9.950483e-06	 2.287323e-02	 4483	 6403	 -0.84	 0.33	 32.9	 74.9	 1.00141587931
48	 0.0397389937775	 577	 5619.60	 FeI	 3.524801e+02	 1.203005e+02	 -8.256002e-02	 1.087035e+01	 4.768304e-06	 -1.222181e-02	 4483	 6374	 -0.75	 0.39	 20.6	 74.2	 1.0005684383
49	 0.056269722637	 610	 5635.83	 FeI	 3.521887e+02	 8.958272e+01	 -8.566284e-02	 -2.661057e+00	 5.301380e-06	 -8.117848e-03	 4595	 6403	 -0.72	 0.39	 20.1	 66.7	 1.00001916141
50	 0.0141903415506	 131	 5638.27	 FeI	 1.562321e+02	 -7.575339e+00	 -2.262480e-03	 -2.829508e+00	 -1.972043e-06	 1.002127e-02	 4830	 6374	 -0.78	 0.18	 50.0	 74.9	 0.999994384327
51	 0.0201678721603	 254	 5641.44	 FeI	 -1.458596e+02	 -1.199829e+01	 1.037653e-01	 -3.437716e+00	 -1.160708e-05	 1.188324e-02	 4497	 6374	 -0.84	 0.3	 29.6	 75.0	 1.00009537899
52	 0.0460877385273	 603	 5649.99	 FeI	 3.184858e+02	 9.699221e+01	 -7.755654e-02	 8.235086e+00	 4.954522e-06	 -8.656703e-03	 4625	 6403	 -0.75	 0.39	 20.1	 69.9	 1.00006342567
53	 0.0106540686938	 21	 5662.52	 FeI	 -3.326714e+02	 -1.866639e+02	 1.556736e-01	 -2.440249e+01	 -1.438375e-05	 3.717338e-02	 5215	 6178	 -0.84	 -0.21	 57.0	 74.9	 1.00021749401
54	 0.0515280158148	 377	 5667.52	 FeI	 -2.036806e+02	 -3.025782e+01	 1.182260e-01	 7.258647e-01	 -1.278243e-05	 1.540249e-02	 4483	 6403	 -0.84	 0.33	 20.5	 74.8	 1.0001184954
55	 0.0307275123045	 408	 5679.03	 FeI	 6.130857e+01	 -5.205295e+01	 2.300259e-02	 -1.007003e+01	 -4.024457e-06	 1.743821e-02	 4630	 6403	 -0.84	 0.33	 29.2	 75.0	 0.999380373116
56	 0.0109336068437	 61	 5701.55	 FeI	 1.394521e+02	 -8.630562e+00	 1.101767e-02	 -8.653066e+00	 -3.602242e-06	 8.661754e-03	 5044	 6218	 -0.84	 0.03	 52.1	 74.6	 1.00002401281
57	 0.0177740334974	 174	 5715.09	 FeI	 1.083421e+02	 1.310313e+01	 1.878896e-02	 3.793097e+00	 -4.338905e-06	 7.705283e-03	 4715	 6403	 -0.78	 0.21	 41.0	 74.9	 1.00009784749
58	 0.0272268828054	 371	 5731.77	 FeI	 6.169040e+00	 -2.120313e+01	 4.258796e-02	 -3.574901e+00	 -5.811220e-06	 1.213453e-02	 4650	 6403	 -0.84	 0.33	 25.5	 75.0	 0.999852031274
59	 0.0215430757565	 332	 5775.08	 FeI	 -1.085369e+02	 -2.198628e+01	 8.308468e-02	 -3.622279e+00	 -9.345015e-06	 1.232068e-02	 4483	 6374	 -0.84	 0.33	 27.7	 74.9	 1.00005168467
60	 0.0186574935889	 285	 5778.46	 FeI	 -1.602203e+02	 3.754656e+00	 1.018661e-01	 3.752932e+00	 -1.217165e-05	 7.206579e-03	 4497	 6161	 -0.67	 0.39	 20.0	 61.4	 1.00025296261
61	 0.0325036897621	 379	 5793.92	 FeI	 -6.523186e+01	 2.429118e+01	 5.693838e-02	 -2.948431e+00	 -6.861928e-06	 2.885893e-03	 4590	 6374	 -0.72	 0.39	 20.1	 58.1	 1.00009433035
62	 0.0361998164303	 370	 5806.73	 FeI	 -3.066621e+02	 2.251263e-01	 1.507219e-01	 -6.591845e-01	 -1.524686e-05	 9.229387e-03	 4497	 6374	 -0.84	 0.34	 21.1	 74.9	 1.00020078971
63	 0.0332484386405	 355	 5809.22	 FeI	 1.271422e+02	 8.519899e+01	 6.247798e-03	 7.089920e+00	 -3.405468e-06	 -5.417322e-03	 4497	 6374	 -0.84	 0.35	 20.1	 74.8	 0.999940943818
64	 0.0151190680348	 270	 5814.81	 FeI	 -1.676067e+02	 2.015587e+01	 9.016556e-02	 6.279682e+00	 -9.899317e-06	 3.709308e-03	 4550	 6161	 -0.48	 0.39	 20.1	 46.4	 1.00014747396
65	 0.0397230636242	 113	 5827.88	 FeI	 -1.706535e+02	 8.687129e+00	 9.184514e-02	 1.247253e+01	 -1.050779e-05	 4.480820e-03	 4590	 5886	 -0.3	 0.39	 20.1	 39.5	 1.00276614291
66	 0.0357097599678	 329	 5916.26	 FeI	 1.345868e+01	 -2.859833e+01	 4.878235e-02	 -4.016431e+00	 -7.190789e-06	 1.299196e-02	 4630	 6374	 -0.78	 0.33	 21.9	 74.9	 1.0000321519
67	 0.0191667050225	 51	 5930.19	 FeI	 -1.117979e+02	 -2.187645e+02	 7.583095e-02	 -2.705527e+01	 -7.297854e-06	 4.309304e-02	 5205	 6178	 -0.84	 -0.15	 53.0	 74.8	 0.999613551621
68	 0.0230817406971	 293	 5956.70	 FeI	 1.190976e+02	 -6.555564e+00	 2.256229e-02	 3.795692e+00	 -5.923139e-06	 9.351497e-03	 4780	 6403	 -0.78	 0.35	 20.7	 75.0	 1.00012293067
69	 0.0233494592847	 301	 6027.06	 FeI	 -9.939084e+01	 -4.278891e+01	 7.770213e-02	 -3.539378e+00	 -8.529402e-06	 1.539091e-02	 4590	 6374	 -0.84	 0.3	 37.1	 74.9	 1.0003378523
70	 0.0527260248596	 557	 6096.67	 FeI	 2.901805e+02	 1.100626e+02	 -5.652837e-02	 -1.592488e+00	 2.245229e-06	 -1.062009e-02	 4630	 6374	 -0.78	 0.39	 20.2	 74.9	 1.00035845593
71	 0.0187549439658	 367	 6151.62	 FeI	 -2.696654e+01	 -1.425158e+01	 6.390755e-02	 8.076732e-01	 -8.741745e-06	 1.062117e-02	 4497	 6374	 -0.84	 0.35	 20.0	 75.0	 1.00007048431
72	 0.0366852019846	 329	 6157.73	 FeI	 -1.419893e+02	 -5.632442e+01	 9.256501e-02	 -1.255248e+01	 -9.920588e-06	 1.693332e-02	 4483	 6374	 -0.84	 0.35	 34.4	 74.8	 1.00054549588
73	 0.0148481490655	 188	 6173.34	 FeI	 2.245173e+02	 -1.138607e+01	 -2.058057e-02	 -3.364864e+00	 -1.105633e-06	 1.003642e-02	 5015	 6361	 -0.78	 0.3	 38.4	 75.0	 1.00001507945
74	 0.0355455494968	 435	 6187.99	 FeI	 1.320385e+02	 2.495062e+01	 2.786746e-03	 -5.323883e-01	 -2.999239e-06	 4.910417e-03	 4590	 6403	 -0.84	 0.35	 20.3	 75.0	 0.999945312239
75	 0.0154155567247	 150	 6200.32	 FeI	 1.492918e+02	 -6.852545e+01	 5.046594e-03	 -9.935556e+00	 -3.165853e-06	 1.975967e-02	 4915	 6361	 -0.78	 0.21	 47.3	 74.8	 0.999891101592
76	 0.0157859943592	 76	 6213.44	 FeI	 -6.018346e+01	 -7.678736e+01	 7.439401e-02	 -9.734694e+00	 -8.649631e-06	 1.971148e-02	 5215	 6374	 -0.84	 0.18	 51.4	 74.7	 1.00010298222
77	 0.0107220794151	 29	 6219.29	 FeI	 -9.631976e+01	 -1.555492e+02	 8.065425e-02	 -1.274504e+01	 -8.524032e-06	 3.237760e-02	 5215	 6178	 -0.84	 -0.15	 57.0	 74.7	 1.00001014642
78	 0.0142691943172	 77	 6232.65	 FeI	 3.965254e+02	 6.032162e+00	 -7.464282e-02	 -6.661306e+00	 3.516511e-06	 7.767774e-03	 5044	 6374	 -0.84	 0.18	 45.9	 74.9	 1.00001323604
79	 0.0193856081155	 374	 6240.65	 FeI	 -5.092908e+01	 -1.346716e+01	 7.218602e-02	 1.750374e+00	 -9.481486e-06	 1.074846e-02	 4575	 6403	 -0.78	 0.35	 21.2	 74.7	 1.00009167435
80	 0.00944524174502	 48	 6265.14	 FeI	 9.482746e+01	 -1.517146e+01	 2.571999e-02	 -4.425726e+00	 -4.765465e-06	 9.615629e-03	 5215	 6374	 -0.84	 0.04	 55.1	 74.8	 1.00000930488
81	 0.018182918298	 381	 6270.23	 FeI	 -8.377011e+01	 -4.152283e+00	 8.045624e-02	 2.040124e+00	 -9.847893e-06	 9.177291e-03	 4575	 6374	 -0.84	 0.35	 21.3	 74.7	 1.00009330845
82	 0.0171331497235	 130	 6322.69	 FeI	 5.779799e+00	 -8.055253e+01	 5.427435e-02	 -1.090091e+01	 -7.305473e-06	 2.177307e-02	 5044	 6374	 -0.84	 0.19	 49.7	 74.7	 0.999902961872
83	 0.00998018212266	 11	 6335.34	 FeI	 -1.534126e+03	 -4.523673e+02	 5.468987e-01	 1.045423e+01	 -4.583033e-05	 8.696853e-02	 5564	 6178	 -0.83	 -0.32	 56.9	 74.2	 0.995320714588
84	 0.0150705701109	 10	 6336.83	 FeI	 -1.887069e+03	 -3.545500e+02	 6.916727e-01	 3.106733e+01	 -5.970587e-05	 7.795830e-02	 4855	 6178	 -0.68	 0.0	 63.8	 74.4	 0.996115666843
85	 0.00842338599393	 88	 6358.68	 FeI	 4.244295e+01	 5.890107e+00	 6.928279e-02	 -1.231654e+00	 -1.074285e-05	 1.068210e-02	 5417	 6374	 -0.78	 0.21	 38.4	 74.9	 1.00000007664
86	 0.0265414930807	 235	 6481.88	 FeI	 -5.002635e+01	 -3.984053e+01	 7.497177e-02	 8.035448e-01	 -9.555545e-06	 1.515681e-02	 4650	 6403	 -0.78	 0.3	 32.1	 75.0	 1.00031927418
87	 0.0296487422338	 338	 6498.94	 FeI	 1.394565e+02	 -2.402669e+01	 1.230812e-02	 -6.441638e+00	 -4.927176e-06	 1.169386e-02	 4590	 6374	 -0.84	 0.39	 21.2	 74.9	 1.00012920127
88	 0.0250656706733	 66	 6593.88	 FeI	 -4.380907e+01	 -1.472540e+02	 6.499476e-02	 -2.035468e+01	 -7.538509e-06	 3.072413e-02	 5215	 6361	 -0.84	 0.18	 53.2	 74.9	 1.00042321306
89	 0.0161865704192	 220	 6609.12	 FeI	 8.299789e+01	 -2.829773e+00	 2.963031e-02	 3.052824e+00	 -5.624407e-06	 9.899832e-03	 4715	 6374	 -0.78	 0.3	 34.3	 75.0	 0.999979221802
90	 0.0508073462626	 534	 6726.67	 FeI	 6.688736e+01	 1.551744e+01	 1.957187e-02	 -3.000615e+00	 -3.959639e-06	 6.129714e-03	 4654	 6403	 -0.84	 0.39	 20.2	 74.9	 0.999776962427
91	 0.0235879364135	 378	 6810.27	 FeI	 -1.053551e+02	 7.966819e+00	 7.879084e-02	 -1.494430e-01	 -8.963585e-06	 7.575287e-03	 4597	 6374	 -0.84	 0.35	 20.4	 73.5	 1.00004753061
92	 0.0190059651048	 381	 6820.37	 FeI	 -1.108008e+02	 2.848240e+01	 7.829299e-02	 6.043232e+00	 -8.988420e-06	 4.130588e-03	 4550	 6374	 -0.78	 0.37	 21.7	 73.8	 1.00001894399
93	 0.0318880317851	 372	 6828.60	 FeI	 -2.081239e+02	 -8.210350e+00	 1.159732e-01	 6.978595e-01	 -1.216005e-05	 1.044873e-02	 4497	 6403	 -0.84	 0.33	 22.6	 74.9	 1.00013759814
94	 0.0239283588487	 171	 6837.01	 FeI	 -2.204583e+02	 -3.395572e+00	 1.009196e-01	 8.072381e+00	 -1.033196e-05	 6.596986e-03	 4550	 6161	 -0.23	 0.39	 20.1	 36.6	 0.999990512049
95	 0.030980898696	 341	 6839.84	 FeI	 2.121951e+01	 7.226674e+01	 3.841530e-02	 1.020583e+01	 -6.365919e-06	 -4.814491e-03	 4575	 6287	 -0.78	 0.39	 20.0	 69.1	 0.999819611521
96	 0.0215751638841	 385	 6842.69	 FeI	 -1.687470e+02	 2.889233e+01	 9.664911e-02	 7.533402e-01	 -1.049713e-05	 3.341855e-03	 4590	 6289	 -0.67	 0.35	 20.6	 66.5	 1.00001571023
97	 0.0265529558423	 321	 6843.66	 FeI	 -2.581338e+02	 -1.861071e+01	 1.367016e-01	 -3.652653e+00	 -1.409132e-05	 1.226342e-02	 4550	 6374	 -0.84	 0.33	 27.6	 74.9	 1.00004091122
98	 0.0161549990832	 267	 6857.25	 FeI	 -2.548948e+02	 -1.335058e+01	 1.203170e-01	 4.770115e+00	 -1.250224e-05	 9.672615e-03	 4497	 6227	 -0.47	 0.39	 20.0	 46.9	 1.00008543089
99	 0.0300380567298	 378	 6858.15	 FeI	 -1.829548e+02	 -8.596899e+00	 1.050160e-01	 -1.036844e+00	 -1.111657e-05	 1.030265e-02	 4483	 6374	 -0.84	 0.35	 20.1	 74.5	 1.00018388685
100	 0.0260692260646	 331	 6862.50	 FeI	 -2.983079e+02	 5.255139e+00	 1.380368e-01	 7.020223e+00	 -1.402119e-05	 7.160675e-03	 4483	 6361	 -0.54	 0.39	 20.2	 56.6	 1.00038776954
